SIZE 24X24X8
LINE_NUM 762

LINE#1 (0,0,1) (0,0,2)
LINE#2 (0,1,1) (0,1,2)
LINE#3 (0,2,1) (0,2,2)
LINE#4 (0,3,1) (0,3,2)
LINE#5 (0,4,1) (0,4,2)
LINE#6 (0,5,1) (0,5,2)
LINE#7 (0,6,1) (0,6,2)
LINE#8 (0,7,1) (0,7,2)
LINE#9 (0,8,1) (0,8,2)
LINE#10 (0,9,1) (0,9,2)
LINE#11 (0,10,1) (0,10,2)
LINE#12 (0,11,1) (0,11,2)
LINE#13 (0,12,1) (0,12,2)
LINE#14 (0,13,1) (0,13,2)
LINE#15 (0,14,1) (0,14,2)
LINE#16 (0,15,1) (0,15,2)
LINE#17 (0,16,1) (0,16,2)
LINE#18 (0,17,1) (0,17,2)
LINE#19 (0,18,1) (0,18,2)
LINE#20 (0,19,1) (0,19,2)
LINE#21 (0,20,1) (0,20,2)
LINE#22 (0,21,1) (0,21,2)
LINE#23 (0,22,1) (0,22,2)
LINE#24 (0,23,1) (0,23,2)
LINE#25 (1,0,1) (1,0,2)
LINE#26 (1,1,1) (1,1,2)
LINE#27 (1,2,1) (1,2,2)
LINE#28 (1,3,1) (1,3,2)
LINE#29 (1,4,1) (1,4,2)
LINE#30 (1,5,1) (1,5,2)
LINE#31 (1,6,1) (1,6,2)
LINE#32 (1,7,1) (1,7,2)
LINE#33 (1,8,1) (1,8,2)
LINE#34 (1,9,1) (1,9,2)
LINE#35 (1,10,1) (1,10,2)
LINE#36 (1,11,1) (1,11,2)
LINE#37 (1,12,1) (1,12,2)
LINE#38 (1,13,1) (1,13,2)
LINE#39 (1,14,1) (1,14,2)
LINE#40 (1,15,1) (1,15,2)
LINE#41 (1,16,1) (1,16,2)
LINE#42 (1,17,1) (1,17,2)
LINE#43 (1,18,1) (1,18,2)
LINE#44 (1,19,1) (1,19,2)
LINE#45 (1,20,1) (1,20,2)
LINE#46 (1,21,1) (1,21,2)
LINE#47 (1,22,1) (1,22,2)
LINE#48 (1,23,1) (1,23,2)
LINE#49 (2,0,1) (3,0,1)
LINE#50 (2,1,1) (3,1,1)
LINE#51 (2,2,1) (3,2,1)
LINE#52 (2,3,1) (3,3,1)
LINE#53 (2,4,1) (3,4,1)
LINE#54 (2,5,1) (3,5,1)
LINE#55 (2,6,1) (3,6,1)
LINE#56 (2,7,1) (3,7,1)
LINE#57 (2,8,1) (3,8,1)
LINE#58 (2,9,1) (3,9,1)
LINE#59 (2,10,1) (3,10,1)
LINE#60 (2,11,1) (3,11,1)
LINE#61 (2,12,1) (3,12,1)
LINE#62 (2,13,1) (3,13,1)
LINE#63 (2,14,1) (3,14,1)
LINE#64 (2,15,1) (3,15,1)
LINE#65 (2,16,1) (3,16,1)
LINE#66 (2,17,1) (3,17,1)
LINE#67 (2,18,1) (3,18,1)
LINE#68 (2,19,1) (3,19,1)
LINE#69 (2,20,1) (3,20,1)
LINE#70 (2,21,1) (3,21,1)
LINE#71 (2,22,1) (3,22,1)
LINE#72 (2,23,1) (3,23,1)
LINE#73 (4,0,1) (5,0,1)
LINE#74 (4,1,1) (5,1,1)
LINE#75 (4,2,1) (5,2,1)
LINE#76 (4,3,1) (5,3,1)
LINE#77 (4,4,1) (5,4,1)
LINE#78 (4,5,1) (5,5,1)
LINE#79 (4,6,1) (5,6,1)
LINE#80 (4,7,1) (5,7,1)
LINE#81 (4,8,1) (5,8,1)
LINE#82 (4,9,1) (5,9,1)
LINE#83 (4,10,1) (5,10,1)
LINE#84 (4,11,1) (5,11,1)
LINE#85 (4,12,1) (5,12,1)
LINE#86 (4,13,1) (5,13,1)
LINE#87 (4,14,1) (5,14,1)
LINE#88 (4,15,1) (5,15,1)
LINE#89 (4,16,1) (5,16,1)
LINE#90 (4,17,1) (5,17,1)
LINE#91 (4,18,1) (5,18,1)
LINE#92 (4,19,1) (5,19,1)
LINE#93 (4,20,1) (5,20,1)
LINE#94 (4,21,1) (5,21,1)
LINE#95 (4,22,1) (5,22,1)
LINE#96 (4,23,1) (5,23,1)
LINE#97 (6,0,1) (7,0,1)
LINE#98 (6,1,1) (7,1,1)
LINE#99 (6,2,1) (7,2,1)
LINE#100 (6,3,1) (7,3,1)
LINE#101 (6,4,1) (7,4,1)
LINE#102 (6,5,1) (7,5,1)
LINE#103 (6,6,1) (7,6,1)
LINE#104 (6,7,1) (7,7,1)
LINE#105 (6,8,1) (7,8,1)
LINE#106 (6,9,1) (7,9,1)
LINE#107 (6,10,1) (7,10,1)
LINE#108 (6,11,1) (7,11,1)
LINE#109 (6,12,1) (7,12,1)
LINE#110 (6,13,1) (7,13,1)
LINE#111 (6,14,1) (7,14,1)
LINE#112 (6,15,1) (7,15,1)
LINE#113 (6,16,1) (7,16,1)
LINE#114 (6,17,1) (7,17,1)
LINE#115 (6,18,1) (7,18,1)
LINE#116 (6,19,1) (7,19,1)
LINE#117 (6,20,1) (7,20,1)
LINE#118 (6,21,1) (7,21,1)
LINE#119 (6,22,1) (7,22,1)
LINE#120 (6,23,1) (7,23,1)
LINE#121 (8,0,1) (9,0,1)
LINE#122 (8,1,1) (9,1,1)
LINE#123 (8,2,1) (9,2,1)
LINE#124 (8,3,1) (9,3,1)
LINE#125 (8,4,1) (9,4,1)
LINE#126 (8,5,1) (9,5,1)
LINE#127 (8,6,1) (9,6,1)
LINE#128 (8,7,1) (9,7,1)
LINE#129 (8,8,1) (9,8,1)
LINE#130 (8,9,1) (9,9,1)
LINE#131 (8,10,1) (9,10,1)
LINE#132 (8,11,1) (9,11,1)
LINE#133 (8,12,1) (9,12,1)
LINE#134 (8,13,1) (9,13,1)
LINE#135 (8,14,1) (9,14,1)
LINE#136 (8,15,1) (9,15,1)
LINE#137 (8,16,1) (9,16,1)
LINE#138 (8,17,1) (9,17,1)
LINE#139 (8,18,1) (9,18,1)
LINE#140 (8,19,1) (9,19,1)
LINE#141 (8,20,1) (9,20,1)
LINE#142 (8,21,1) (9,21,1)
LINE#143 (8,22,1) (9,22,1)
LINE#144 (8,23,1) (9,23,1)
LINE#145 (10,0,1) (11,0,1)
LINE#146 (10,1,1) (11,1,1)
LINE#147 (10,2,1) (11,2,1)
LINE#148 (10,3,1) (11,3,1)
LINE#149 (10,4,1) (11,4,1)
LINE#150 (10,5,1) (11,5,1)
LINE#151 (10,6,1) (11,6,1)
LINE#152 (10,7,1) (11,7,1)
LINE#153 (10,8,1) (11,8,1)
LINE#154 (10,9,1) (11,9,1)
LINE#155 (10,10,1) (11,10,1)
LINE#156 (10,11,1) (11,11,1)
LINE#157 (10,12,1) (11,12,1)
LINE#158 (10,13,1) (11,13,1)
LINE#159 (10,14,1) (11,14,1)
LINE#160 (10,15,1) (11,15,1)
LINE#161 (10,16,1) (11,16,1)
LINE#162 (10,17,1) (11,17,1)
LINE#163 (10,18,1) (11,18,1)
LINE#164 (10,19,1) (11,19,1)
LINE#165 (10,20,1) (11,20,1)
LINE#166 (10,21,1) (11,21,1)
LINE#167 (10,22,1) (11,22,1)
LINE#168 (10,23,1) (11,23,1)
LINE#169 (12,0,1) (13,0,1)
LINE#170 (12,1,1) (13,1,1)
LINE#171 (12,2,1) (13,2,1)
LINE#172 (12,3,1) (13,3,1)
LINE#173 (12,4,1) (13,4,1)
LINE#174 (12,5,1) (13,5,1)
LINE#175 (12,6,1) (13,6,1)
LINE#176 (12,7,1) (13,7,1)
LINE#177 (12,8,1) (13,8,1)
LINE#178 (12,9,1) (13,9,1)
LINE#179 (12,10,1) (13,10,1)
LINE#180 (12,11,1) (13,11,1)
LINE#181 (12,12,1) (13,12,1)
LINE#182 (12,13,1) (13,13,1)
LINE#183 (12,14,1) (13,14,1)
LINE#184 (12,15,1) (13,15,1)
LINE#185 (12,16,1) (13,16,1)
LINE#186 (12,17,1) (13,17,1)
LINE#187 (12,18,1) (13,18,1)
LINE#188 (12,19,1) (13,19,1)
LINE#189 (12,20,1) (13,20,1)
LINE#190 (12,21,1) (13,21,1)
LINE#191 (12,22,1) (13,22,1)
LINE#192 (12,23,1) (13,23,1)
LINE#193 (14,0,1) (15,0,1)
LINE#194 (14,1,1) (15,1,1)
LINE#195 (14,2,1) (15,2,1)
LINE#196 (14,3,1) (15,3,1)
LINE#197 (14,4,1) (15,4,1)
LINE#198 (14,5,1) (15,5,1)
LINE#199 (14,6,1) (15,6,1)
LINE#200 (14,7,1) (15,7,1)
LINE#201 (14,8,1) (15,8,1)
LINE#202 (14,9,1) (15,9,1)
LINE#203 (14,10,1) (15,10,1)
LINE#204 (14,11,1) (15,11,1)
LINE#205 (14,12,1) (15,12,1)
LINE#206 (14,13,1) (15,13,1)
LINE#207 (14,14,1) (15,14,1)
LINE#208 (14,15,1) (15,15,1)
LINE#209 (14,16,1) (15,16,1)
LINE#210 (14,17,1) (15,17,1)
LINE#211 (14,18,1) (15,18,1)
LINE#212 (14,19,1) (15,19,1)
LINE#213 (14,20,1) (15,20,1)
LINE#214 (14,21,1) (15,21,1)
LINE#215 (14,22,1) (15,22,1)
LINE#216 (14,23,1) (15,23,1)
LINE#217 (16,0,1) (17,0,1)
LINE#218 (16,1,1) (17,1,1)
LINE#219 (16,2,1) (17,2,1)
LINE#220 (16,3,1) (17,3,1)
LINE#221 (16,4,1) (17,4,1)
LINE#222 (16,5,1) (17,5,1)
LINE#223 (16,6,1) (17,6,1)
LINE#224 (16,7,1) (17,7,1)
LINE#225 (16,8,1) (17,8,1)
LINE#226 (16,9,1) (17,9,1)
LINE#227 (16,10,1) (17,10,1)
LINE#228 (16,11,1) (17,11,1)
LINE#229 (16,12,1) (17,12,1)
LINE#230 (16,13,1) (17,13,1)
LINE#231 (16,14,1) (17,14,1)
LINE#232 (16,15,1) (17,15,1)
LINE#233 (16,16,1) (17,16,1)
LINE#234 (16,17,1) (17,17,1)
LINE#235 (16,18,1) (17,18,1)
LINE#236 (16,19,1) (17,19,1)
LINE#237 (16,20,1) (17,20,1)
LINE#238 (16,21,1) (17,21,1)
LINE#239 (16,22,1) (17,22,1)
LINE#240 (16,23,1) (17,23,1)
LINE#241 (18,0,1) (19,0,1)
LINE#242 (18,1,1) (19,1,1)
LINE#243 (18,2,1) (19,2,1)
LINE#244 (18,3,1) (19,3,1)
LINE#245 (18,4,1) (19,4,1)
LINE#246 (18,5,1) (19,5,1)
LINE#247 (18,6,1) (19,6,1)
LINE#248 (18,7,1) (19,7,1)
LINE#249 (18,8,1) (19,8,1)
LINE#250 (18,9,1) (19,9,1)
LINE#251 (18,10,1) (19,10,1)
LINE#252 (18,11,1) (19,11,1)
LINE#253 (18,12,1) (19,12,1)
LINE#254 (18,13,1) (19,13,1)
LINE#255 (18,14,1) (19,14,1)
LINE#256 (18,15,1) (19,15,1)
LINE#257 (18,16,1) (19,16,1)
LINE#258 (18,17,1) (19,17,1)
LINE#259 (18,18,1) (19,18,1)
LINE#260 (18,19,1) (19,19,1)
LINE#261 (18,20,1) (19,20,1)
LINE#262 (18,21,1) (19,21,1)
LINE#263 (18,22,1) (19,22,1)
LINE#264 (18,23,1) (19,23,1)
LINE#265 (20,0,1) (21,0,1)
LINE#266 (20,1,1) (21,1,1)
LINE#267 (20,2,1) (21,2,1)
LINE#268 (20,3,1) (21,3,1)
LINE#269 (20,4,1) (21,4,1)
LINE#270 (20,5,1) (21,5,1)
LINE#271 (20,6,1) (21,6,1)
LINE#272 (20,7,1) (21,7,1)
LINE#273 (20,8,1) (21,8,1)
LINE#274 (20,9,1) (21,9,1)
LINE#275 (20,10,1) (21,10,1)
LINE#276 (20,11,1) (21,11,1)
LINE#277 (20,12,1) (21,12,1)
LINE#278 (20,13,1) (21,13,1)
LINE#279 (20,14,1) (21,14,1)
LINE#280 (20,15,1) (21,15,1)
LINE#281 (20,16,1) (21,16,1)
LINE#282 (20,17,1) (21,17,1)
LINE#283 (20,18,1) (21,18,1)
LINE#284 (20,19,1) (21,19,1)
LINE#285 (20,20,1) (21,20,1)
LINE#286 (20,21,1) (21,21,1)
LINE#287 (20,22,1) (21,22,1)
LINE#288 (20,23,1) (21,23,1)
LINE#289 (22,0,1) (23,0,1)
LINE#290 (22,1,1) (23,1,1)
LINE#291 (22,2,1) (23,2,1)
LINE#292 (22,3,1) (23,3,1)
LINE#293 (22,4,1) (23,4,1)
LINE#294 (22,5,1) (23,5,1)
LINE#295 (22,6,1) (23,6,1)
LINE#296 (22,7,1) (23,7,1)
LINE#297 (22,8,1) (23,8,1)
LINE#298 (22,9,1) (23,9,1)
LINE#299 (22,10,1) (23,10,1)
LINE#300 (22,11,1) (23,11,1)
LINE#301 (22,12,1) (23,12,1)
LINE#302 (22,13,1) (23,13,1)
LINE#303 (22,14,1) (23,14,1)
LINE#304 (22,15,1) (23,15,1)
LINE#305 (22,16,1) (23,16,1)
LINE#306 (22,17,1) (23,17,1)
LINE#307 (22,18,1) (23,18,1)
LINE#308 (22,19,1) (23,19,1)
LINE#309 (22,20,1) (23,20,1)
LINE#310 (22,21,1) (23,21,1)
LINE#311 (22,22,1) (23,22,1)
LINE#312 (22,23,1) (23,23,1)
LINE#313 (2,0,2) (2,1,2)
LINE#314 (2,2,2) (2,3,2)
LINE#315 (2,4,2) (2,5,2)
LINE#316 (2,6,2) (2,7,2)
LINE#317 (2,8,2) (2,9,2)
LINE#318 (2,10,2) (2,11,2)
LINE#319 (2,12,2) (2,13,2)
LINE#320 (2,14,2) (2,15,2)
LINE#321 (2,16,2) (2,17,2)
LINE#322 (2,18,2) (2,19,2)
LINE#323 (2,20,2) (2,21,2)
LINE#324 (2,22,2) (2,23,2)
LINE#325 (3,0,2) (3,1,2)
LINE#326 (3,2,2) (3,3,2)
LINE#327 (3,4,2) (3,5,2)
LINE#328 (3,6,2) (3,7,2)
LINE#329 (3,8,2) (3,9,2)
LINE#330 (3,10,2) (3,11,2)
LINE#331 (3,12,2) (3,13,2)
LINE#332 (3,14,2) (3,15,2)
LINE#333 (3,16,2) (3,17,2)
LINE#334 (3,18,2) (3,19,2)
LINE#335 (3,20,2) (3,21,2)
LINE#336 (3,22,2) (3,23,2)
LINE#337 (4,0,2) (4,1,2)
LINE#338 (4,2,2) (4,3,2)
LINE#339 (4,4,2) (4,5,2)
LINE#340 (4,6,2) (4,7,2)
LINE#341 (4,8,2) (4,9,2)
LINE#342 (4,10,2) (4,11,2)
LINE#343 (4,12,2) (4,13,2)
LINE#344 (4,14,2) (4,15,2)
LINE#345 (4,16,2) (4,17,2)
LINE#346 (4,18,2) (4,19,2)
LINE#347 (4,20,2) (4,21,2)
LINE#348 (4,22,2) (4,23,2)
LINE#349 (5,0,2) (5,1,2)
LINE#350 (5,2,2) (5,3,2)
LINE#351 (5,4,2) (5,5,2)
LINE#352 (5,6,2) (5,7,2)
LINE#353 (5,8,2) (5,9,2)
LINE#354 (5,10,2) (5,11,2)
LINE#355 (5,12,2) (5,13,2)
LINE#356 (5,14,2) (5,15,2)
LINE#357 (5,16,2) (5,17,2)
LINE#358 (5,18,2) (5,19,2)
LINE#359 (5,20,2) (5,21,2)
LINE#360 (5,22,2) (5,23,2)
LINE#361 (6,0,2) (6,1,2)
LINE#362 (6,2,2) (6,3,2)
LINE#363 (6,4,2) (6,5,2)
LINE#364 (6,6,2) (6,7,2)
LINE#365 (6,8,2) (6,9,2)
LINE#366 (6,10,2) (6,11,2)
LINE#367 (6,12,2) (6,13,2)
LINE#368 (6,14,2) (6,15,2)
LINE#369 (6,16,2) (6,17,2)
LINE#370 (6,18,2) (6,19,2)
LINE#371 (6,20,2) (6,21,2)
LINE#372 (6,22,2) (6,23,2)
LINE#373 (7,0,2) (7,1,2)
LINE#374 (7,2,2) (7,3,2)
LINE#375 (7,4,2) (7,5,2)
LINE#376 (7,6,2) (7,7,2)
LINE#377 (7,8,2) (7,9,2)
LINE#378 (7,10,2) (7,11,2)
LINE#379 (7,12,2) (7,13,2)
LINE#380 (7,14,2) (7,15,2)
LINE#381 (7,16,2) (7,17,2)
LINE#382 (7,18,2) (7,19,2)
LINE#383 (7,20,2) (7,21,2)
LINE#384 (7,22,2) (7,23,2)
LINE#385 (8,0,2) (8,1,2)
LINE#386 (8,2,2) (8,3,2)
LINE#387 (8,4,2) (8,5,2)
LINE#388 (8,6,2) (8,7,2)
LINE#389 (8,8,2) (8,9,2)
LINE#390 (8,10,2) (8,11,2)
LINE#391 (8,12,2) (8,13,2)
LINE#392 (8,14,2) (8,15,2)
LINE#393 (8,16,2) (8,17,2)
LINE#394 (8,18,2) (8,19,2)
LINE#395 (8,20,2) (8,21,2)
LINE#396 (8,22,2) (8,23,2)
LINE#397 (9,0,2) (9,1,2)
LINE#398 (9,2,2) (9,3,2)
LINE#399 (9,4,2) (9,5,2)
LINE#400 (9,6,2) (9,7,2)
LINE#401 (9,8,2) (9,9,2)
LINE#402 (9,10,2) (9,11,2)
LINE#403 (9,12,2) (9,13,2)
LINE#404 (9,14,2) (9,15,2)
LINE#405 (9,16,2) (9,17,2)
LINE#406 (9,18,2) (9,19,2)
LINE#407 (9,20,2) (9,21,2)
LINE#408 (9,22,2) (9,23,2)
LINE#409 (10,0,2) (10,1,2)
LINE#410 (10,2,2) (10,3,2)
LINE#411 (10,4,2) (10,5,2)
LINE#412 (10,6,2) (10,7,2)
LINE#413 (10,8,2) (10,9,2)
LINE#414 (10,10,2) (10,11,2)
LINE#415 (10,12,2) (10,13,2)
LINE#416 (10,14,2) (10,15,2)
LINE#417 (10,16,2) (10,17,2)
LINE#418 (10,18,2) (10,19,2)
LINE#419 (10,20,2) (10,21,2)
LINE#420 (10,22,2) (10,23,2)
LINE#421 (11,0,2) (11,1,2)
LINE#422 (11,2,2) (11,3,2)
LINE#423 (11,4,2) (11,5,2)
LINE#424 (11,6,2) (11,7,2)
LINE#425 (11,8,2) (11,9,2)
LINE#426 (11,10,2) (11,11,2)
LINE#427 (11,12,2) (11,13,2)
LINE#428 (11,14,2) (11,15,2)
LINE#429 (11,16,2) (11,17,2)
LINE#430 (11,18,2) (11,19,2)
LINE#431 (11,20,2) (11,21,2)
LINE#432 (11,22,2) (11,23,2)
LINE#433 (12,0,2) (12,1,2)
LINE#434 (12,2,2) (12,3,2)
LINE#435 (12,4,2) (12,5,2)
LINE#436 (12,6,2) (12,7,2)
LINE#437 (12,8,2) (12,9,2)
LINE#438 (12,10,2) (12,11,2)
LINE#439 (12,12,2) (12,13,2)
LINE#440 (12,14,2) (12,15,2)
LINE#441 (12,16,2) (12,17,2)
LINE#442 (12,18,2) (12,19,2)
LINE#443 (12,20,2) (12,21,2)
LINE#444 (12,22,2) (12,23,2)
LINE#445 (13,0,2) (13,1,2)
LINE#446 (13,2,2) (13,3,2)
LINE#447 (13,4,2) (13,5,2)
LINE#448 (13,6,2) (13,7,2)
LINE#449 (13,8,2) (13,9,2)
LINE#450 (13,10,2) (13,11,2)
LINE#451 (13,12,2) (13,13,2)
LINE#452 (13,14,2) (13,15,2)
LINE#453 (13,16,2) (13,17,2)
LINE#454 (13,18,2) (13,19,2)
LINE#455 (13,20,2) (13,21,2)
LINE#456 (13,22,2) (13,23,2)
LINE#457 (14,0,2) (14,1,2)
LINE#458 (14,2,2) (14,3,2)
LINE#459 (14,4,2) (14,5,2)
LINE#460 (14,6,2) (14,7,2)
LINE#461 (14,8,2) (14,9,2)
LINE#462 (14,10,2) (14,11,2)
LINE#463 (14,12,2) (14,13,2)
LINE#464 (14,14,2) (14,15,2)
LINE#465 (14,16,2) (14,17,2)
LINE#466 (14,18,2) (14,19,2)
LINE#467 (14,20,2) (14,21,2)
LINE#468 (14,22,2) (14,23,2)
LINE#469 (15,0,2) (15,1,2)
LINE#470 (15,2,2) (15,3,2)
LINE#471 (15,4,2) (15,5,2)
LINE#472 (15,6,2) (15,7,2)
LINE#473 (15,8,2) (15,9,2)
LINE#474 (15,10,2) (15,11,2)
LINE#475 (15,12,2) (15,13,2)
LINE#476 (15,14,2) (15,15,2)
LINE#477 (15,16,2) (15,17,2)
LINE#478 (15,18,2) (15,19,2)
LINE#479 (15,20,2) (15,21,2)
LINE#480 (15,22,2) (15,23,2)
LINE#481 (16,0,2) (16,1,2)
LINE#482 (16,2,2) (16,3,2)
LINE#483 (16,4,2) (16,5,2)
LINE#484 (16,6,2) (16,7,2)
LINE#485 (16,8,2) (16,9,2)
LINE#486 (16,10,2) (16,11,2)
LINE#487 (16,12,2) (16,13,2)
LINE#488 (16,14,2) (16,15,2)
LINE#489 (16,16,2) (16,17,2)
LINE#490 (16,18,2) (16,19,2)
LINE#491 (16,20,2) (16,21,2)
LINE#492 (16,22,2) (16,23,2)
LINE#493 (17,0,2) (17,1,2)
LINE#494 (17,2,2) (17,3,2)
LINE#495 (17,4,2) (17,5,2)
LINE#496 (17,6,2) (17,7,2)
LINE#497 (17,8,2) (17,9,2)
LINE#498 (17,10,2) (17,11,2)
LINE#499 (17,12,2) (17,13,2)
LINE#500 (17,14,2) (17,15,2)
LINE#501 (17,16,2) (17,17,2)
LINE#502 (17,18,2) (17,19,2)
LINE#503 (17,20,2) (17,21,2)
LINE#504 (17,22,2) (17,23,2)
LINE#505 (18,0,2) (18,1,2)
LINE#506 (18,2,2) (18,3,2)
LINE#507 (18,4,2) (18,5,2)
LINE#508 (18,6,2) (18,7,2)
LINE#509 (18,8,2) (18,9,2)
LINE#510 (18,10,2) (18,11,2)
LINE#511 (18,12,2) (18,13,2)
LINE#512 (18,14,2) (18,15,2)
LINE#513 (18,16,2) (18,17,2)
LINE#514 (18,18,2) (18,19,2)
LINE#515 (18,20,2) (18,21,2)
LINE#516 (18,22,2) (18,23,2)
LINE#517 (19,0,2) (19,1,2)
LINE#518 (19,2,2) (19,3,2)
LINE#519 (19,4,2) (19,5,2)
LINE#520 (19,6,2) (19,7,2)
LINE#521 (19,8,2) (19,9,2)
LINE#522 (19,10,2) (19,11,2)
LINE#523 (19,12,2) (19,13,2)
LINE#524 (19,14,2) (19,15,2)
LINE#525 (19,16,2) (19,17,2)
LINE#526 (19,18,2) (19,19,2)
LINE#527 (19,20,2) (19,21,2)
LINE#528 (19,22,2) (19,23,2)
LINE#529 (20,0,2) (20,1,2)
LINE#530 (20,2,2) (20,3,2)
LINE#531 (20,4,2) (20,5,2)
LINE#532 (20,6,2) (20,7,2)
LINE#533 (20,8,2) (20,9,2)
LINE#534 (20,10,2) (20,11,2)
LINE#535 (20,12,2) (20,13,2)
LINE#536 (20,14,2) (20,15,2)
LINE#537 (20,16,2) (20,17,2)
LINE#538 (20,18,2) (20,19,2)
LINE#539 (20,20,2) (20,21,2)
LINE#540 (20,22,2) (20,23,2)
LINE#541 (21,0,2) (21,1,2)
LINE#542 (21,2,2) (21,3,2)
LINE#543 (21,4,2) (21,5,2)
LINE#544 (21,6,2) (21,7,2)
LINE#545 (21,8,2) (21,9,2)
LINE#546 (21,10,2) (21,11,2)
LINE#547 (21,12,2) (21,13,2)
LINE#548 (21,14,2) (21,15,2)
LINE#549 (21,16,2) (21,17,2)
LINE#550 (21,18,2) (21,19,2)
LINE#551 (21,20,2) (21,21,2)
LINE#552 (21,22,2) (21,23,2)
LINE#553 (22,0,2) (22,1,2)
LINE#554 (22,2,2) (22,3,2)
LINE#555 (22,4,2) (22,5,2)
LINE#556 (22,6,2) (22,7,2)
LINE#557 (22,8,2) (22,9,2)
LINE#558 (22,10,2) (22,11,2)
LINE#559 (22,12,2) (22,13,2)
LINE#560 (22,14,2) (22,15,2)
LINE#561 (22,16,2) (22,17,2)
LINE#562 (22,18,2) (22,19,2)
LINE#563 (22,20,2) (22,21,2)
LINE#564 (22,22,2) (22,23,2)
LINE#565 (23,0,2) (23,1,2)
LINE#566 (23,2,2) (23,3,2)
LINE#567 (23,4,2) (23,5,2)
LINE#568 (23,6,2) (23,7,2)
LINE#569 (23,8,2) (23,9,2)
LINE#570 (23,10,2) (23,11,2)
LINE#571 (23,12,2) (23,13,2)
LINE#572 (23,14,2) (23,15,2)
LINE#573 (23,16,2) (23,17,2)
LINE#574 (23,18,2) (23,19,2)
LINE#575 (23,20,2) (23,21,2)
LINE#576 (23,22,2) (23,23,2)
LINE#577 (0,0,3) (0,0,8)
LINE#578 (0,1,3) (0,1,8)
LINE#579 (0,2,3) (0,2,8)
LINE#580 (0,3,3) (0,3,8)
LINE#581 (0,4,3) (0,4,8)
LINE#582 (0,5,3) (0,5,8)
LINE#583 (0,6,3) (0,6,8)
LINE#584 (0,7,3) (0,7,8)
LINE#585 (0,8,3) (0,8,8)
LINE#586 (0,9,3) (0,9,8)
LINE#587 (0,10,3) (0,10,8)
LINE#588 (0,11,3) (0,11,8)
LINE#589 (0,12,3) (0,12,8)
LINE#590 (0,13,3) (0,13,8)
LINE#591 (0,14,3) (0,14,8)
LINE#592 (0,15,3) (0,15,8)
LINE#593 (0,16,3) (0,16,8)
LINE#594 (0,17,3) (0,17,8)
LINE#595 (0,18,3) (0,18,8)
LINE#596 (0,19,3) (0,19,8)
LINE#597 (0,20,3) (0,20,8)
LINE#598 (0,21,3) (0,21,8)
LINE#599 (0,22,3) (0,22,8)
LINE#600 (0,23,3) (0,23,8)
LINE#601 (1,0,3) (1,0,8)
LINE#602 (1,1,3) (1,1,8)
LINE#603 (1,2,3) (1,2,8)
LINE#604 (1,3,3) (1,3,8)
LINE#605 (1,4,3) (1,4,8)
LINE#606 (1,5,3) (1,5,8)
LINE#607 (1,6,3) (1,6,8)
LINE#608 (1,7,3) (1,7,8)
LINE#609 (1,8,3) (1,8,8)
LINE#610 (1,9,3) (1,9,8)
LINE#611 (1,10,3) (1,10,8)
LINE#612 (1,11,3) (1,11,8)
LINE#613 (1,12,3) (1,12,8)
LINE#614 (1,13,3) (1,13,8)
LINE#615 (1,14,3) (1,14,8)
LINE#616 (1,15,3) (1,15,8)
LINE#617 (1,16,3) (1,16,8)
LINE#618 (1,17,3) (1,17,8)
LINE#619 (1,18,3) (1,18,8)
LINE#620 (1,19,3) (1,19,8)
LINE#621 (1,20,3) (1,20,8)
LINE#622 (1,21,3) (1,21,8)
LINE#623 (1,22,3) (1,22,8)
LINE#624 (1,23,3) (1,23,8)
LINE#625 (2,0,3) (23,0,3)
LINE#626 (2,1,3) (23,1,3)
LINE#627 (2,2,3) (23,2,3)
LINE#628 (2,3,3) (23,3,3)
LINE#629 (2,4,3) (23,4,3)
LINE#630 (2,5,3) (23,5,3)
LINE#631 (2,6,3) (23,6,3)
LINE#632 (2,7,3) (23,7,3)
LINE#633 (2,8,3) (23,8,3)
LINE#634 (2,9,3) (23,9,3)
LINE#635 (2,10,3) (23,10,3)
LINE#636 (2,11,3) (23,11,3)
LINE#637 (2,12,3) (23,12,3)
LINE#638 (2,13,3) (23,13,3)
LINE#639 (2,14,3) (23,14,3)
LINE#640 (2,15,3) (23,15,3)
LINE#641 (2,16,3) (23,16,3)
LINE#642 (2,17,3) (23,17,3)
LINE#643 (2,18,3) (23,18,3)
LINE#644 (2,19,3) (23,19,3)
LINE#645 (2,20,3) (23,20,3)
LINE#646 (2,21,3) (23,21,3)
LINE#647 (2,22,3) (23,22,3)
LINE#648 (2,23,3) (23,23,3)
LINE#649 (2,0,4) (23,0,4)
LINE#650 (2,1,4) (23,1,4)
LINE#651 (2,2,4) (23,2,4)
LINE#652 (2,3,4) (23,3,4)
LINE#653 (2,4,4) (23,4,4)
LINE#654 (2,5,4) (23,5,4)
LINE#655 (2,6,4) (23,6,4)
LINE#656 (2,7,4) (23,7,4)
LINE#657 (2,8,4) (23,8,4)
LINE#658 (2,9,4) (23,9,4)
LINE#659 (2,10,4) (23,10,4)
LINE#660 (2,11,4) (23,11,4)
LINE#661 (2,12,4) (23,12,4)
LINE#662 (2,13,4) (23,13,4)
LINE#663 (2,14,4) (23,14,4)
LINE#664 (2,15,4) (23,15,4)
LINE#665 (2,16,4) (23,16,4)
LINE#666 (2,17,4) (23,17,4)
LINE#667 (2,18,4) (23,18,4)
LINE#668 (2,19,4) (23,19,4)
LINE#669 (2,20,4) (23,20,4)
LINE#670 (2,21,4) (23,21,4)
LINE#671 (2,22,4) (23,22,4)
LINE#672 (2,23,4) (23,23,4)
LINE#673 (2,0,5) (23,0,5)
LINE#674 (2,1,5) (23,1,5)
LINE#675 (2,2,5) (23,2,5)
LINE#676 (2,3,5) (23,3,5)
LINE#677 (2,4,5) (23,4,5)
LINE#678 (2,5,5) (23,5,5)
LINE#679 (2,6,5) (23,6,5)
LINE#680 (2,7,5) (23,7,5)
LINE#681 (2,8,5) (23,8,5)
LINE#682 (2,9,5) (23,9,5)
LINE#683 (2,10,5) (23,10,5)
LINE#684 (2,11,5) (23,11,5)
LINE#685 (2,12,5) (23,12,5)
LINE#686 (2,13,5) (23,13,5)
LINE#687 (2,14,5) (23,14,5)
LINE#688 (2,15,5) (23,15,5)
LINE#689 (2,16,5) (23,16,5)
LINE#690 (2,17,5) (23,17,5)
LINE#691 (2,18,5) (23,18,5)
LINE#692 (2,19,5) (23,19,5)
LINE#693 (2,20,5) (23,20,5)
LINE#694 (2,21,5) (23,21,5)
LINE#695 (2,22,5) (23,22,5)
LINE#696 (2,23,5) (23,23,5)
LINE#697 (2,0,6) (2,23,6)
LINE#698 (3,0,6) (3,23,6)
LINE#699 (4,0,6) (4,23,6)
LINE#700 (5,0,6) (5,23,6)
LINE#701 (6,0,6) (6,23,6)
LINE#702 (7,0,6) (7,23,6)
LINE#703 (8,0,6) (8,23,6)
LINE#704 (9,0,6) (9,23,6)
LINE#705 (10,0,6) (10,23,6)
LINE#706 (11,0,6) (11,23,6)
LINE#707 (12,0,6) (12,23,6)
LINE#708 (13,0,6) (13,23,6)
LINE#709 (14,0,6) (14,23,6)
LINE#710 (15,0,6) (15,23,6)
LINE#711 (16,0,6) (16,23,6)
LINE#712 (17,0,6) (17,23,6)
LINE#713 (18,0,6) (18,23,6)
LINE#714 (19,0,6) (19,23,6)
LINE#715 (20,0,6) (20,23,6)
LINE#716 (21,0,6) (21,23,6)
LINE#717 (22,0,6) (22,23,6)
LINE#718 (23,0,6) (23,23,6)
LINE#719 (2,0,7) (2,23,7)
LINE#720 (3,0,7) (3,23,7)
LINE#721 (4,0,7) (4,23,7)
LINE#722 (5,0,7) (5,23,7)
LINE#723 (6,0,7) (6,23,7)
LINE#724 (7,0,7) (7,23,7)
LINE#725 (8,0,7) (8,23,7)
LINE#726 (9,0,7) (9,23,7)
LINE#727 (10,0,7) (10,23,7)
LINE#728 (11,0,7) (11,23,7)
LINE#729 (12,0,7) (12,23,7)
LINE#730 (13,0,7) (13,23,7)
LINE#731 (14,0,7) (14,23,7)
LINE#732 (15,0,7) (15,23,7)
LINE#733 (16,0,7) (16,23,7)
LINE#734 (17,0,7) (17,23,7)
LINE#735 (18,0,7) (18,23,7)
LINE#736 (19,0,7) (19,23,7)
LINE#737 (20,0,7) (20,23,7)
LINE#738 (21,0,7) (21,23,7)
LINE#739 (22,0,7) (22,23,7)
LINE#740 (23,0,7) (23,23,7)
LINE#741 (2,0,8) (2,23,8)
LINE#742 (3,0,8) (3,23,8)
LINE#743 (4,0,8) (4,23,8)
LINE#744 (5,0,8) (5,23,8)
LINE#745 (6,0,8) (6,23,8)
LINE#746 (7,0,8) (7,23,8)
LINE#747 (8,0,8) (8,23,8)
LINE#748 (9,0,8) (9,23,8)
LINE#749 (10,0,8) (10,23,8)
LINE#750 (11,0,8) (11,23,8)
LINE#751 (12,0,8) (12,23,8)
LINE#752 (13,0,8) (13,23,8)
LINE#753 (14,0,8) (14,23,8)
LINE#754 (15,0,8) (15,23,8)
LINE#755 (16,0,8) (16,23,8)
LINE#756 (17,0,8) (17,23,8)
LINE#757 (18,0,8) (18,23,8)
LINE#758 (19,0,8) (19,23,8)
LINE#759 (20,0,8) (20,23,8)
LINE#760 (21,0,8) (21,23,8)
LINE#761 (22,0,8) (22,23,8)
LINE#762 (23,0,8) (23,23,8)
