SIZE 72X72X8
LINE_NUM 125

LINE#1 (0,0,1) (9,0,1)
LINE#2 (0,1,1) (9,1,1)
LINE#3 (0,2,1) (9,2,1)
LINE#4 (0,3,1) (9,3,1)
LINE#5 (0,4,1) (9,4,1)
LINE#6 (0,5,1) (9,5,1)
LINE#7 (0,6,1) (9,6,1)
LINE#8 (0,7,1) (9,7,1)
LINE#9 (0,8,1) (9,8,1)
LINE#10 (0,9,1) (9,9,1)
LINE#11 (0,10,1) (9,10,1)
LINE#12 (0,11,1) (9,11,1)
LINE#13 (0,12,1) (9,12,1)
LINE#14 (0,13,1) (9,13,1)
LINE#15 (0,14,1) (9,14,1)
LINE#16 (0,15,1) (9,15,1)
LINE#17 (0,16,1) (9,16,1)
LINE#18 (0,17,1) (9,17,1)
LINE#19 (0,18,1) (9,18,1)
LINE#20 (0,19,1) (9,19,1)
LINE#21 (0,20,1) (9,20,1)
LINE#22 (0,21,1) (9,21,1)
LINE#23 (0,22,1) (9,22,1)
LINE#24 (0,23,1) (9,23,1)
LINE#25 (0,24,1) (9,24,1)
LINE#26 (0,25,1) (9,25,1)
LINE#27 (0,26,1) (9,26,1)
LINE#28 (0,27,1) (9,27,1)
LINE#29 (0,28,1) (9,28,1)
LINE#30 (0,29,1) (9,29,1)
LINE#31 (0,30,1) (9,30,1)
LINE#32 (0,31,1) (9,31,1)
LINE#33 (0,32,1) (9,32,1)
LINE#34 (0,33,1) (9,33,1)
LINE#35 (0,34,1) (9,34,1)
LINE#36 (0,35,1) (9,35,1)
LINE#37 (0,36,1) (9,36,1)
LINE#38 (0,37,1) (9,37,1)
LINE#39 (0,38,1) (9,38,1)
LINE#40 (0,39,1) (9,39,1)
LINE#41 (0,40,1) (9,40,1)
LINE#42 (0,41,1) (9,41,1)
LINE#43 (0,42,1) (9,42,1)
LINE#44 (0,43,1) (9,43,1)
LINE#45 (0,44,1) (9,44,1)
LINE#46 (0,45,1) (9,45,1)
LINE#47 (0,46,1) (9,46,1)
LINE#48 (0,47,1) (9,47,1)
LINE#49 (0,48,1) (9,48,1)
LINE#50 (0,49,1) (9,49,1)
LINE#51 (0,50,1) (9,50,1)
LINE#52 (0,51,1) (9,51,1)
LINE#53 (0,52,1) (9,52,1)
LINE#54 (0,53,1) (9,53,1)
LINE#55 (0,54,1) (9,54,1)
LINE#56 (0,55,1) (9,55,1)
LINE#57 (0,56,1) (9,56,1)
LINE#58 (0,57,1) (9,57,1)
LINE#59 (0,58,1) (9,58,1)
LINE#60 (0,59,1) (9,59,1)
LINE#61 (0,60,1) (9,60,1)
LINE#62 (0,61,1) (9,61,1)
LINE#63 (0,62,1) (9,62,1)
LINE#64 (0,63,1) (9,63,1)
LINE#65 (0,64,1) (9,64,1)
LINE#66 (0,65,1) (9,65,1)
LINE#67 (0,66,1) (9,66,1)
LINE#68 (0,67,1) (9,67,1)
LINE#69 (0,68,1) (9,68,1)
LINE#70 (0,69,1) (9,69,1)
LINE#71 (0,70,1) (9,70,1)
LINE#72 (0,71,1) (9,71,1)
LINE#73 (0,0,2) (9,0,2)
LINE#74 (0,1,2) (9,1,2)
LINE#75 (0,2,2) (9,2,2)
LINE#76 (0,3,2) (9,3,2)
LINE#77 (0,4,2) (9,4,2)
LINE#78 (0,5,2) (9,5,2)
LINE#79 (0,6,2) (9,6,2)
LINE#80 (0,7,2) (9,7,2)
LINE#81 (0,8,2) (9,8,2)
LINE#82 (0,9,2) (9,9,2)
LINE#83 (0,10,2) (9,10,2)
LINE#84 (0,11,2) (9,11,2)
LINE#85 (0,12,2) (9,12,2)
LINE#86 (0,13,2) (9,13,2)
LINE#87 (0,14,2) (9,14,2)
LINE#88 (0,15,2) (9,15,2)
LINE#89 (0,16,2) (9,16,2)
LINE#90 (0,17,2) (9,17,2)
LINE#91 (0,18,2) (9,18,2)
LINE#92 (0,19,2) (9,19,2)
LINE#93 (0,20,2) (9,20,2)
LINE#94 (0,21,2) (9,21,2)
LINE#95 (0,22,2) (9,22,2)
LINE#96 (0,23,2) (9,23,2)
LINE#97 (0,24,2) (9,24,2)
LINE#98 (0,25,2) (9,25,2)
LINE#99 (0,26,2) (9,26,2)
LINE#100 (0,27,2) (9,27,2)
LINE#101 (0,28,2) (9,28,2)
LINE#102 (0,29,2) (9,29,2)
LINE#103 (0,30,2) (9,30,2)
LINE#104 (0,31,2) (9,31,2)
LINE#105 (0,32,2) (9,32,2)
LINE#106 (0,33,2) (9,33,2)
LINE#107 (0,34,2) (9,34,2)
LINE#108 (0,35,2) (9,35,2)
LINE#109 (0,36,2) (9,36,2)
LINE#110 (0,37,2) (9,37,2)
LINE#111 (0,38,2) (9,38,2)
LINE#112 (0,39,2) (9,39,2)
LINE#113 (0,40,2) (9,40,2)
LINE#114 (0,41,2) (9,41,2)
LINE#115 (0,42,2) (9,42,2)
LINE#116 (0,43,2) (9,43,2)
LINE#117 (0,44,2) (9,44,2)
LINE#118 (0,45,2) (9,45,2)
LINE#119 (0,46,2) (9,46,2)
LINE#120 (0,47,2) (9,47,2)
LINE#121 (0,48,2) (9,48,2)
LINE#122 (0,49,2) (9,49,2)
LINE#123 (0,50,2) (9,50,2)
LINE#124 (0,51,2) (9,51,2)
LINE#125 (0,52,2) (9,52,2)
