SIZE 32X32X8
LINE_NUM 1274

LINE#1 (0,0,1) (0,0,2)
LINE#2 (0,1,1) (0,1,2)
LINE#3 (0,2,1) (0,2,2)
LINE#4 (0,3,1) (0,3,2)
LINE#5 (0,4,1) (0,4,2)
LINE#6 (0,5,1) (0,5,2)
LINE#7 (0,6,1) (0,6,2)
LINE#8 (0,7,1) (0,7,2)
LINE#9 (0,8,1) (0,8,2)
LINE#10 (0,9,1) (0,9,2)
LINE#11 (0,10,1) (0,10,2)
LINE#12 (0,11,1) (0,11,2)
LINE#13 (0,12,1) (0,12,2)
LINE#14 (0,13,1) (0,13,2)
LINE#15 (0,14,1) (0,14,2)
LINE#16 (0,15,1) (0,15,2)
LINE#17 (0,16,1) (0,16,2)
LINE#18 (0,17,1) (0,17,2)
LINE#19 (0,18,1) (0,18,2)
LINE#20 (0,19,1) (0,19,2)
LINE#21 (0,20,1) (0,20,2)
LINE#22 (0,21,1) (0,21,2)
LINE#23 (0,22,1) (0,22,2)
LINE#24 (0,23,1) (0,23,2)
LINE#25 (0,24,1) (0,24,2)
LINE#26 (0,25,1) (0,25,2)
LINE#27 (0,26,1) (0,26,2)
LINE#28 (0,27,1) (0,27,2)
LINE#29 (0,28,1) (0,28,2)
LINE#30 (0,29,1) (0,29,2)
LINE#31 (0,30,1) (0,30,2)
LINE#32 (0,31,1) (0,31,2)
LINE#33 (1,0,1) (1,0,2)
LINE#34 (1,1,1) (1,1,2)
LINE#35 (1,2,1) (1,2,2)
LINE#36 (1,3,1) (1,3,2)
LINE#37 (1,4,1) (1,4,2)
LINE#38 (1,5,1) (1,5,2)
LINE#39 (1,6,1) (1,6,2)
LINE#40 (1,7,1) (1,7,2)
LINE#41 (1,8,1) (1,8,2)
LINE#42 (1,9,1) (1,9,2)
LINE#43 (1,10,1) (1,10,2)
LINE#44 (1,11,1) (1,11,2)
LINE#45 (1,12,1) (1,12,2)
LINE#46 (1,13,1) (1,13,2)
LINE#47 (1,14,1) (1,14,2)
LINE#48 (1,15,1) (1,15,2)
LINE#49 (1,16,1) (1,16,2)
LINE#50 (1,17,1) (1,17,2)
LINE#51 (1,18,1) (1,18,2)
LINE#52 (1,19,1) (1,19,2)
LINE#53 (1,20,1) (1,20,2)
LINE#54 (1,21,1) (1,21,2)
LINE#55 (1,22,1) (1,22,2)
LINE#56 (1,23,1) (1,23,2)
LINE#57 (1,24,1) (1,24,2)
LINE#58 (1,25,1) (1,25,2)
LINE#59 (1,26,1) (1,26,2)
LINE#60 (1,27,1) (1,27,2)
LINE#61 (1,28,1) (1,28,2)
LINE#62 (1,29,1) (1,29,2)
LINE#63 (1,30,1) (1,30,2)
LINE#64 (1,31,1) (1,31,2)
LINE#65 (2,0,1) (3,0,1)
LINE#66 (2,1,1) (3,1,1)
LINE#67 (2,2,1) (3,2,1)
LINE#68 (2,3,1) (3,3,1)
LINE#69 (2,4,1) (3,4,1)
LINE#70 (2,5,1) (3,5,1)
LINE#71 (2,6,1) (3,6,1)
LINE#72 (2,7,1) (3,7,1)
LINE#73 (2,8,1) (3,8,1)
LINE#74 (2,9,1) (3,9,1)
LINE#75 (2,10,1) (3,10,1)
LINE#76 (2,11,1) (3,11,1)
LINE#77 (2,12,1) (3,12,1)
LINE#78 (2,13,1) (3,13,1)
LINE#79 (2,14,1) (3,14,1)
LINE#80 (2,15,1) (3,15,1)
LINE#81 (2,16,1) (3,16,1)
LINE#82 (2,17,1) (3,17,1)
LINE#83 (2,18,1) (3,18,1)
LINE#84 (2,19,1) (3,19,1)
LINE#85 (2,20,1) (3,20,1)
LINE#86 (2,21,1) (3,21,1)
LINE#87 (2,22,1) (3,22,1)
LINE#88 (2,23,1) (3,23,1)
LINE#89 (2,24,1) (3,24,1)
LINE#90 (2,25,1) (3,25,1)
LINE#91 (2,26,1) (3,26,1)
LINE#92 (2,27,1) (3,27,1)
LINE#93 (2,28,1) (3,28,1)
LINE#94 (2,29,1) (3,29,1)
LINE#95 (2,30,1) (3,30,1)
LINE#96 (2,31,1) (3,31,1)
LINE#97 (4,0,1) (5,0,1)
LINE#98 (4,1,1) (5,1,1)
LINE#99 (4,2,1) (5,2,1)
LINE#100 (4,3,1) (5,3,1)
LINE#101 (4,4,1) (5,4,1)
LINE#102 (4,5,1) (5,5,1)
LINE#103 (4,6,1) (5,6,1)
LINE#104 (4,7,1) (5,7,1)
LINE#105 (4,8,1) (5,8,1)
LINE#106 (4,9,1) (5,9,1)
LINE#107 (4,10,1) (5,10,1)
LINE#108 (4,11,1) (5,11,1)
LINE#109 (4,12,1) (5,12,1)
LINE#110 (4,13,1) (5,13,1)
LINE#111 (4,14,1) (5,14,1)
LINE#112 (4,15,1) (5,15,1)
LINE#113 (4,16,1) (5,16,1)
LINE#114 (4,17,1) (5,17,1)
LINE#115 (4,18,1) (5,18,1)
LINE#116 (4,19,1) (5,19,1)
LINE#117 (4,20,1) (5,20,1)
LINE#118 (4,21,1) (5,21,1)
LINE#119 (4,22,1) (5,22,1)
LINE#120 (4,23,1) (5,23,1)
LINE#121 (4,24,1) (5,24,1)
LINE#122 (4,25,1) (5,25,1)
LINE#123 (4,26,1) (5,26,1)
LINE#124 (4,27,1) (5,27,1)
LINE#125 (4,28,1) (5,28,1)
LINE#126 (4,29,1) (5,29,1)
LINE#127 (4,30,1) (5,30,1)
LINE#128 (4,31,1) (5,31,1)
LINE#129 (6,0,1) (7,0,1)
LINE#130 (6,1,1) (7,1,1)
LINE#131 (6,2,1) (7,2,1)
LINE#132 (6,3,1) (7,3,1)
LINE#133 (6,4,1) (7,4,1)
LINE#134 (6,5,1) (7,5,1)
LINE#135 (6,6,1) (7,6,1)
LINE#136 (6,7,1) (7,7,1)
LINE#137 (6,8,1) (7,8,1)
LINE#138 (6,9,1) (7,9,1)
LINE#139 (6,10,1) (7,10,1)
LINE#140 (6,11,1) (7,11,1)
LINE#141 (6,12,1) (7,12,1)
LINE#142 (6,13,1) (7,13,1)
LINE#143 (6,14,1) (7,14,1)
LINE#144 (6,15,1) (7,15,1)
LINE#145 (6,16,1) (7,16,1)
LINE#146 (6,17,1) (7,17,1)
LINE#147 (6,18,1) (7,18,1)
LINE#148 (6,19,1) (7,19,1)
LINE#149 (6,20,1) (7,20,1)
LINE#150 (6,21,1) (7,21,1)
LINE#151 (6,22,1) (7,22,1)
LINE#152 (6,23,1) (7,23,1)
LINE#153 (6,24,1) (7,24,1)
LINE#154 (6,25,1) (7,25,1)
LINE#155 (6,26,1) (7,26,1)
LINE#156 (6,27,1) (7,27,1)
LINE#157 (6,28,1) (7,28,1)
LINE#158 (6,29,1) (7,29,1)
LINE#159 (6,30,1) (7,30,1)
LINE#160 (6,31,1) (7,31,1)
LINE#161 (8,0,1) (9,0,1)
LINE#162 (8,1,1) (9,1,1)
LINE#163 (8,2,1) (9,2,1)
LINE#164 (8,3,1) (9,3,1)
LINE#165 (8,4,1) (9,4,1)
LINE#166 (8,5,1) (9,5,1)
LINE#167 (8,6,1) (9,6,1)
LINE#168 (8,7,1) (9,7,1)
LINE#169 (8,8,1) (9,8,1)
LINE#170 (8,9,1) (9,9,1)
LINE#171 (8,10,1) (9,10,1)
LINE#172 (8,11,1) (9,11,1)
LINE#173 (8,12,1) (9,12,1)
LINE#174 (8,13,1) (9,13,1)
LINE#175 (8,14,1) (9,14,1)
LINE#176 (8,15,1) (9,15,1)
LINE#177 (8,16,1) (9,16,1)
LINE#178 (8,17,1) (9,17,1)
LINE#179 (8,18,1) (9,18,1)
LINE#180 (8,19,1) (9,19,1)
LINE#181 (8,20,1) (9,20,1)
LINE#182 (8,21,1) (9,21,1)
LINE#183 (8,22,1) (9,22,1)
LINE#184 (8,23,1) (9,23,1)
LINE#185 (8,24,1) (9,24,1)
LINE#186 (8,25,1) (9,25,1)
LINE#187 (8,26,1) (9,26,1)
LINE#188 (8,27,1) (9,27,1)
LINE#189 (8,28,1) (9,28,1)
LINE#190 (8,29,1) (9,29,1)
LINE#191 (8,30,1) (9,30,1)
LINE#192 (8,31,1) (9,31,1)
LINE#193 (10,0,1) (11,0,1)
LINE#194 (10,1,1) (11,1,1)
LINE#195 (10,2,1) (11,2,1)
LINE#196 (10,3,1) (11,3,1)
LINE#197 (10,4,1) (11,4,1)
LINE#198 (10,5,1) (11,5,1)
LINE#199 (10,6,1) (11,6,1)
LINE#200 (10,7,1) (11,7,1)
LINE#201 (10,8,1) (11,8,1)
LINE#202 (10,9,1) (11,9,1)
LINE#203 (10,10,1) (11,10,1)
LINE#204 (10,11,1) (11,11,1)
LINE#205 (10,12,1) (11,12,1)
LINE#206 (10,13,1) (11,13,1)
LINE#207 (10,14,1) (11,14,1)
LINE#208 (10,15,1) (11,15,1)
LINE#209 (10,16,1) (11,16,1)
LINE#210 (10,17,1) (11,17,1)
LINE#211 (10,18,1) (11,18,1)
LINE#212 (10,19,1) (11,19,1)
LINE#213 (10,20,1) (11,20,1)
LINE#214 (10,21,1) (11,21,1)
LINE#215 (10,22,1) (11,22,1)
LINE#216 (10,23,1) (11,23,1)
LINE#217 (10,24,1) (11,24,1)
LINE#218 (10,25,1) (11,25,1)
LINE#219 (10,26,1) (11,26,1)
LINE#220 (10,27,1) (11,27,1)
LINE#221 (10,28,1) (11,28,1)
LINE#222 (10,29,1) (11,29,1)
LINE#223 (10,30,1) (11,30,1)
LINE#224 (10,31,1) (11,31,1)
LINE#225 (12,0,1) (13,0,1)
LINE#226 (12,1,1) (13,1,1)
LINE#227 (12,2,1) (13,2,1)
LINE#228 (12,3,1) (13,3,1)
LINE#229 (12,4,1) (13,4,1)
LINE#230 (12,5,1) (13,5,1)
LINE#231 (12,6,1) (13,6,1)
LINE#232 (12,7,1) (13,7,1)
LINE#233 (12,8,1) (13,8,1)
LINE#234 (12,9,1) (13,9,1)
LINE#235 (12,10,1) (13,10,1)
LINE#236 (12,11,1) (13,11,1)
LINE#237 (12,12,1) (13,12,1)
LINE#238 (12,13,1) (13,13,1)
LINE#239 (12,14,1) (13,14,1)
LINE#240 (12,15,1) (13,15,1)
LINE#241 (12,16,1) (13,16,1)
LINE#242 (12,17,1) (13,17,1)
LINE#243 (12,18,1) (13,18,1)
LINE#244 (12,19,1) (13,19,1)
LINE#245 (12,20,1) (13,20,1)
LINE#246 (12,21,1) (13,21,1)
LINE#247 (12,22,1) (13,22,1)
LINE#248 (12,23,1) (13,23,1)
LINE#249 (12,24,1) (13,24,1)
LINE#250 (12,25,1) (13,25,1)
LINE#251 (12,26,1) (13,26,1)
LINE#252 (12,27,1) (13,27,1)
LINE#253 (12,28,1) (13,28,1)
LINE#254 (12,29,1) (13,29,1)
LINE#255 (12,30,1) (13,30,1)
LINE#256 (12,31,1) (13,31,1)
LINE#257 (14,0,1) (15,0,1)
LINE#258 (14,1,1) (15,1,1)
LINE#259 (14,2,1) (15,2,1)
LINE#260 (14,3,1) (15,3,1)
LINE#261 (14,4,1) (15,4,1)
LINE#262 (14,5,1) (15,5,1)
LINE#263 (14,6,1) (15,6,1)
LINE#264 (14,7,1) (15,7,1)
LINE#265 (14,8,1) (15,8,1)
LINE#266 (14,9,1) (15,9,1)
LINE#267 (14,10,1) (15,10,1)
LINE#268 (14,11,1) (15,11,1)
LINE#269 (14,12,1) (15,12,1)
LINE#270 (14,13,1) (15,13,1)
LINE#271 (14,14,1) (15,14,1)
LINE#272 (14,15,1) (15,15,1)
LINE#273 (14,16,1) (15,16,1)
LINE#274 (14,17,1) (15,17,1)
LINE#275 (14,18,1) (15,18,1)
LINE#276 (14,19,1) (15,19,1)
LINE#277 (14,20,1) (15,20,1)
LINE#278 (14,21,1) (15,21,1)
LINE#279 (14,22,1) (15,22,1)
LINE#280 (14,23,1) (15,23,1)
LINE#281 (14,24,1) (15,24,1)
LINE#282 (14,25,1) (15,25,1)
LINE#283 (14,26,1) (15,26,1)
LINE#284 (14,27,1) (15,27,1)
LINE#285 (14,28,1) (15,28,1)
LINE#286 (14,29,1) (15,29,1)
LINE#287 (14,30,1) (15,30,1)
LINE#288 (14,31,1) (15,31,1)
LINE#289 (16,0,1) (17,0,1)
LINE#290 (16,1,1) (17,1,1)
LINE#291 (16,2,1) (17,2,1)
LINE#292 (16,3,1) (17,3,1)
LINE#293 (16,4,1) (17,4,1)
LINE#294 (16,5,1) (17,5,1)
LINE#295 (16,6,1) (17,6,1)
LINE#296 (16,7,1) (17,7,1)
LINE#297 (16,8,1) (17,8,1)
LINE#298 (16,9,1) (17,9,1)
LINE#299 (16,10,1) (17,10,1)
LINE#300 (16,11,1) (17,11,1)
LINE#301 (16,12,1) (17,12,1)
LINE#302 (16,13,1) (17,13,1)
LINE#303 (16,14,1) (17,14,1)
LINE#304 (16,15,1) (17,15,1)
LINE#305 (16,16,1) (17,16,1)
LINE#306 (16,17,1) (17,17,1)
LINE#307 (16,18,1) (17,18,1)
LINE#308 (16,19,1) (17,19,1)
LINE#309 (16,20,1) (17,20,1)
LINE#310 (16,21,1) (17,21,1)
LINE#311 (16,22,1) (17,22,1)
LINE#312 (16,23,1) (17,23,1)
LINE#313 (16,24,1) (17,24,1)
LINE#314 (16,25,1) (17,25,1)
LINE#315 (16,26,1) (17,26,1)
LINE#316 (16,27,1) (17,27,1)
LINE#317 (16,28,1) (17,28,1)
LINE#318 (16,29,1) (17,29,1)
LINE#319 (16,30,1) (17,30,1)
LINE#320 (16,31,1) (17,31,1)
LINE#321 (18,0,1) (19,0,1)
LINE#322 (18,1,1) (19,1,1)
LINE#323 (18,2,1) (19,2,1)
LINE#324 (18,3,1) (19,3,1)
LINE#325 (18,4,1) (19,4,1)
LINE#326 (18,5,1) (19,5,1)
LINE#327 (18,6,1) (19,6,1)
LINE#328 (18,7,1) (19,7,1)
LINE#329 (18,8,1) (19,8,1)
LINE#330 (18,9,1) (19,9,1)
LINE#331 (18,10,1) (19,10,1)
LINE#332 (18,11,1) (19,11,1)
LINE#333 (18,12,1) (19,12,1)
LINE#334 (18,13,1) (19,13,1)
LINE#335 (18,14,1) (19,14,1)
LINE#336 (18,15,1) (19,15,1)
LINE#337 (18,16,1) (19,16,1)
LINE#338 (18,17,1) (19,17,1)
LINE#339 (18,18,1) (19,18,1)
LINE#340 (18,19,1) (19,19,1)
LINE#341 (18,20,1) (19,20,1)
LINE#342 (18,21,1) (19,21,1)
LINE#343 (18,22,1) (19,22,1)
LINE#344 (18,23,1) (19,23,1)
LINE#345 (18,24,1) (19,24,1)
LINE#346 (18,25,1) (19,25,1)
LINE#347 (18,26,1) (19,26,1)
LINE#348 (18,27,1) (19,27,1)
LINE#349 (18,28,1) (19,28,1)
LINE#350 (18,29,1) (19,29,1)
LINE#351 (18,30,1) (19,30,1)
LINE#352 (18,31,1) (19,31,1)
LINE#353 (20,0,1) (21,0,1)
LINE#354 (20,1,1) (21,1,1)
LINE#355 (20,2,1) (21,2,1)
LINE#356 (20,3,1) (21,3,1)
LINE#357 (20,4,1) (21,4,1)
LINE#358 (20,5,1) (21,5,1)
LINE#359 (20,6,1) (21,6,1)
LINE#360 (20,7,1) (21,7,1)
LINE#361 (20,8,1) (21,8,1)
LINE#362 (20,9,1) (21,9,1)
LINE#363 (20,10,1) (21,10,1)
LINE#364 (20,11,1) (21,11,1)
LINE#365 (20,12,1) (21,12,1)
LINE#366 (20,13,1) (21,13,1)
LINE#367 (20,14,1) (21,14,1)
LINE#368 (20,15,1) (21,15,1)
LINE#369 (20,16,1) (21,16,1)
LINE#370 (20,17,1) (21,17,1)
LINE#371 (20,18,1) (21,18,1)
LINE#372 (20,19,1) (21,19,1)
LINE#373 (20,20,1) (21,20,1)
LINE#374 (20,21,1) (21,21,1)
LINE#375 (20,22,1) (21,22,1)
LINE#376 (20,23,1) (21,23,1)
LINE#377 (20,24,1) (21,24,1)
LINE#378 (20,25,1) (21,25,1)
LINE#379 (20,26,1) (21,26,1)
LINE#380 (20,27,1) (21,27,1)
LINE#381 (20,28,1) (21,28,1)
LINE#382 (20,29,1) (21,29,1)
LINE#383 (20,30,1) (21,30,1)
LINE#384 (20,31,1) (21,31,1)
LINE#385 (22,0,1) (23,0,1)
LINE#386 (22,1,1) (23,1,1)
LINE#387 (22,2,1) (23,2,1)
LINE#388 (22,3,1) (23,3,1)
LINE#389 (22,4,1) (23,4,1)
LINE#390 (22,5,1) (23,5,1)
LINE#391 (22,6,1) (23,6,1)
LINE#392 (22,7,1) (23,7,1)
LINE#393 (22,8,1) (23,8,1)
LINE#394 (22,9,1) (23,9,1)
LINE#395 (22,10,1) (23,10,1)
LINE#396 (22,11,1) (23,11,1)
LINE#397 (22,12,1) (23,12,1)
LINE#398 (22,13,1) (23,13,1)
LINE#399 (22,14,1) (23,14,1)
LINE#400 (22,15,1) (23,15,1)
LINE#401 (22,16,1) (23,16,1)
LINE#402 (22,17,1) (23,17,1)
LINE#403 (22,18,1) (23,18,1)
LINE#404 (22,19,1) (23,19,1)
LINE#405 (22,20,1) (23,20,1)
LINE#406 (22,21,1) (23,21,1)
LINE#407 (22,22,1) (23,22,1)
LINE#408 (22,23,1) (23,23,1)
LINE#409 (22,24,1) (23,24,1)
LINE#410 (22,25,1) (23,25,1)
LINE#411 (22,26,1) (23,26,1)
LINE#412 (22,27,1) (23,27,1)
LINE#413 (22,28,1) (23,28,1)
LINE#414 (22,29,1) (23,29,1)
LINE#415 (22,30,1) (23,30,1)
LINE#416 (22,31,1) (23,31,1)
LINE#417 (24,0,1) (25,0,1)
LINE#418 (24,1,1) (25,1,1)
LINE#419 (24,2,1) (25,2,1)
LINE#420 (24,3,1) (25,3,1)
LINE#421 (24,4,1) (25,4,1)
LINE#422 (24,5,1) (25,5,1)
LINE#423 (24,6,1) (25,6,1)
LINE#424 (24,7,1) (25,7,1)
LINE#425 (24,8,1) (25,8,1)
LINE#426 (24,9,1) (25,9,1)
LINE#427 (24,10,1) (25,10,1)
LINE#428 (24,11,1) (25,11,1)
LINE#429 (24,12,1) (25,12,1)
LINE#430 (24,13,1) (25,13,1)
LINE#431 (24,14,1) (25,14,1)
LINE#432 (24,15,1) (25,15,1)
LINE#433 (24,16,1) (25,16,1)
LINE#434 (24,17,1) (25,17,1)
LINE#435 (24,18,1) (25,18,1)
LINE#436 (24,19,1) (25,19,1)
LINE#437 (24,20,1) (25,20,1)
LINE#438 (24,21,1) (25,21,1)
LINE#439 (24,22,1) (25,22,1)
LINE#440 (24,23,1) (25,23,1)
LINE#441 (24,24,1) (25,24,1)
LINE#442 (24,25,1) (25,25,1)
LINE#443 (24,26,1) (25,26,1)
LINE#444 (24,27,1) (25,27,1)
LINE#445 (24,28,1) (25,28,1)
LINE#446 (24,29,1) (25,29,1)
LINE#447 (24,30,1) (25,30,1)
LINE#448 (24,31,1) (25,31,1)
LINE#449 (26,0,1) (27,0,1)
LINE#450 (26,1,1) (27,1,1)
LINE#451 (26,2,1) (27,2,1)
LINE#452 (26,3,1) (27,3,1)
LINE#453 (26,4,1) (27,4,1)
LINE#454 (26,5,1) (27,5,1)
LINE#455 (26,6,1) (27,6,1)
LINE#456 (26,7,1) (27,7,1)
LINE#457 (26,8,1) (27,8,1)
LINE#458 (26,9,1) (27,9,1)
LINE#459 (26,10,1) (27,10,1)
LINE#460 (26,11,1) (27,11,1)
LINE#461 (26,12,1) (27,12,1)
LINE#462 (26,13,1) (27,13,1)
LINE#463 (26,14,1) (27,14,1)
LINE#464 (26,15,1) (27,15,1)
LINE#465 (26,16,1) (27,16,1)
LINE#466 (26,17,1) (27,17,1)
LINE#467 (26,18,1) (27,18,1)
LINE#468 (26,19,1) (27,19,1)
LINE#469 (26,20,1) (27,20,1)
LINE#470 (26,21,1) (27,21,1)
LINE#471 (26,22,1) (27,22,1)
LINE#472 (26,23,1) (27,23,1)
LINE#473 (26,24,1) (27,24,1)
LINE#474 (26,25,1) (27,25,1)
LINE#475 (26,26,1) (27,26,1)
LINE#476 (26,27,1) (27,27,1)
LINE#477 (26,28,1) (27,28,1)
LINE#478 (26,29,1) (27,29,1)
LINE#479 (26,30,1) (27,30,1)
LINE#480 (26,31,1) (27,31,1)
LINE#481 (28,0,1) (29,0,1)
LINE#482 (28,1,1) (29,1,1)
LINE#483 (28,2,1) (29,2,1)
LINE#484 (28,3,1) (29,3,1)
LINE#485 (28,4,1) (29,4,1)
LINE#486 (28,5,1) (29,5,1)
LINE#487 (28,6,1) (29,6,1)
LINE#488 (28,7,1) (29,7,1)
LINE#489 (28,8,1) (29,8,1)
LINE#490 (28,9,1) (29,9,1)
LINE#491 (28,10,1) (29,10,1)
LINE#492 (28,11,1) (29,11,1)
LINE#493 (28,12,1) (29,12,1)
LINE#494 (28,13,1) (29,13,1)
LINE#495 (28,14,1) (29,14,1)
LINE#496 (28,15,1) (29,15,1)
LINE#497 (28,16,1) (29,16,1)
LINE#498 (28,17,1) (29,17,1)
LINE#499 (28,18,1) (29,18,1)
LINE#500 (28,19,1) (29,19,1)
LINE#501 (28,20,1) (29,20,1)
LINE#502 (28,21,1) (29,21,1)
LINE#503 (28,22,1) (29,22,1)
LINE#504 (28,23,1) (29,23,1)
LINE#505 (28,24,1) (29,24,1)
LINE#506 (28,25,1) (29,25,1)
LINE#507 (28,26,1) (29,26,1)
LINE#508 (28,27,1) (29,27,1)
LINE#509 (28,28,1) (29,28,1)
LINE#510 (28,29,1) (29,29,1)
LINE#511 (28,30,1) (29,30,1)
LINE#512 (28,31,1) (29,31,1)
LINE#513 (30,0,1) (31,0,1)
LINE#514 (30,1,1) (31,1,1)
LINE#515 (30,2,1) (31,2,1)
LINE#516 (30,3,1) (31,3,1)
LINE#517 (30,4,1) (31,4,1)
LINE#518 (30,5,1) (31,5,1)
LINE#519 (30,6,1) (31,6,1)
LINE#520 (30,7,1) (31,7,1)
LINE#521 (30,8,1) (31,8,1)
LINE#522 (30,9,1) (31,9,1)
LINE#523 (30,10,1) (31,10,1)
LINE#524 (30,11,1) (31,11,1)
LINE#525 (30,12,1) (31,12,1)
LINE#526 (30,13,1) (31,13,1)
LINE#527 (30,14,1) (31,14,1)
LINE#528 (30,15,1) (31,15,1)
LINE#529 (30,16,1) (31,16,1)
LINE#530 (30,17,1) (31,17,1)
LINE#531 (30,18,1) (31,18,1)
LINE#532 (30,19,1) (31,19,1)
LINE#533 (30,20,1) (31,20,1)
LINE#534 (30,21,1) (31,21,1)
LINE#535 (30,22,1) (31,22,1)
LINE#536 (30,23,1) (31,23,1)
LINE#537 (30,24,1) (31,24,1)
LINE#538 (30,25,1) (31,25,1)
LINE#539 (30,26,1) (31,26,1)
LINE#540 (30,27,1) (31,27,1)
LINE#541 (30,28,1) (31,28,1)
LINE#542 (30,29,1) (31,29,1)
LINE#543 (30,30,1) (31,30,1)
LINE#544 (30,31,1) (31,31,1)
LINE#545 (2,0,2) (2,1,2)
LINE#546 (2,2,2) (2,3,2)
LINE#547 (2,4,2) (2,5,2)
LINE#548 (2,6,2) (2,7,2)
LINE#549 (2,8,2) (2,9,2)
LINE#550 (2,10,2) (2,11,2)
LINE#551 (2,12,2) (2,13,2)
LINE#552 (2,14,2) (2,15,2)
LINE#553 (2,16,2) (2,17,2)
LINE#554 (2,18,2) (2,19,2)
LINE#555 (2,20,2) (2,21,2)
LINE#556 (2,22,2) (2,23,2)
LINE#557 (2,24,2) (2,25,2)
LINE#558 (2,26,2) (2,27,2)
LINE#559 (2,28,2) (2,29,2)
LINE#560 (2,30,2) (2,31,2)
LINE#561 (3,0,2) (3,1,2)
LINE#562 (3,2,2) (3,3,2)
LINE#563 (3,4,2) (3,5,2)
LINE#564 (3,6,2) (3,7,2)
LINE#565 (3,8,2) (3,9,2)
LINE#566 (3,10,2) (3,11,2)
LINE#567 (3,12,2) (3,13,2)
LINE#568 (3,14,2) (3,15,2)
LINE#569 (3,16,2) (3,17,2)
LINE#570 (3,18,2) (3,19,2)
LINE#571 (3,20,2) (3,21,2)
LINE#572 (3,22,2) (3,23,2)
LINE#573 (3,24,2) (3,25,2)
LINE#574 (3,26,2) (3,27,2)
LINE#575 (3,28,2) (3,29,2)
LINE#576 (3,30,2) (3,31,2)
LINE#577 (4,0,2) (4,1,2)
LINE#578 (4,2,2) (4,3,2)
LINE#579 (4,4,2) (4,5,2)
LINE#580 (4,6,2) (4,7,2)
LINE#581 (4,8,2) (4,9,2)
LINE#582 (4,10,2) (4,11,2)
LINE#583 (4,12,2) (4,13,2)
LINE#584 (4,14,2) (4,15,2)
LINE#585 (4,16,2) (4,17,2)
LINE#586 (4,18,2) (4,19,2)
LINE#587 (4,20,2) (4,21,2)
LINE#588 (4,22,2) (4,23,2)
LINE#589 (4,24,2) (4,25,2)
LINE#590 (4,26,2) (4,27,2)
LINE#591 (4,28,2) (4,29,2)
LINE#592 (4,30,2) (4,31,2)
LINE#593 (5,0,2) (5,1,2)
LINE#594 (5,2,2) (5,3,2)
LINE#595 (5,4,2) (5,5,2)
LINE#596 (5,6,2) (5,7,2)
LINE#597 (5,8,2) (5,9,2)
LINE#598 (5,10,2) (5,11,2)
LINE#599 (5,12,2) (5,13,2)
LINE#600 (5,14,2) (5,15,2)
LINE#601 (5,16,2) (5,17,2)
LINE#602 (5,18,2) (5,19,2)
LINE#603 (5,20,2) (5,21,2)
LINE#604 (5,22,2) (5,23,2)
LINE#605 (5,24,2) (5,25,2)
LINE#606 (5,26,2) (5,27,2)
LINE#607 (5,28,2) (5,29,2)
LINE#608 (5,30,2) (5,31,2)
LINE#609 (6,0,2) (6,1,2)
LINE#610 (6,2,2) (6,3,2)
LINE#611 (6,4,2) (6,5,2)
LINE#612 (6,6,2) (6,7,2)
LINE#613 (6,8,2) (6,9,2)
LINE#614 (6,10,2) (6,11,2)
LINE#615 (6,12,2) (6,13,2)
LINE#616 (6,14,2) (6,15,2)
LINE#617 (6,16,2) (6,17,2)
LINE#618 (6,18,2) (6,19,2)
LINE#619 (6,20,2) (6,21,2)
LINE#620 (6,22,2) (6,23,2)
LINE#621 (6,24,2) (6,25,2)
LINE#622 (6,26,2) (6,27,2)
LINE#623 (6,28,2) (6,29,2)
LINE#624 (6,30,2) (6,31,2)
LINE#625 (7,0,2) (7,1,2)
LINE#626 (7,2,2) (7,3,2)
LINE#627 (7,4,2) (7,5,2)
LINE#628 (7,6,2) (7,7,2)
LINE#629 (7,8,2) (7,9,2)
LINE#630 (7,10,2) (7,11,2)
LINE#631 (7,12,2) (7,13,2)
LINE#632 (7,14,2) (7,15,2)
LINE#633 (7,16,2) (7,17,2)
LINE#634 (7,18,2) (7,19,2)
LINE#635 (7,20,2) (7,21,2)
LINE#636 (7,22,2) (7,23,2)
LINE#637 (7,24,2) (7,25,2)
LINE#638 (7,26,2) (7,27,2)
LINE#639 (7,28,2) (7,29,2)
LINE#640 (7,30,2) (7,31,2)
LINE#641 (8,0,2) (8,1,2)
LINE#642 (8,2,2) (8,3,2)
LINE#643 (8,4,2) (8,5,2)
LINE#644 (8,6,2) (8,7,2)
LINE#645 (8,8,2) (8,9,2)
LINE#646 (8,10,2) (8,11,2)
LINE#647 (8,12,2) (8,13,2)
LINE#648 (8,14,2) (8,15,2)
LINE#649 (8,16,2) (8,17,2)
LINE#650 (8,18,2) (8,19,2)
LINE#651 (8,20,2) (8,21,2)
LINE#652 (8,22,2) (8,23,2)
LINE#653 (8,24,2) (8,25,2)
LINE#654 (8,26,2) (8,27,2)
LINE#655 (8,28,2) (8,29,2)
LINE#656 (8,30,2) (8,31,2)
LINE#657 (9,0,2) (9,1,2)
LINE#658 (9,2,2) (9,3,2)
LINE#659 (9,4,2) (9,5,2)
LINE#660 (9,6,2) (9,7,2)
LINE#661 (9,8,2) (9,9,2)
LINE#662 (9,10,2) (9,11,2)
LINE#663 (9,12,2) (9,13,2)
LINE#664 (9,14,2) (9,15,2)
LINE#665 (9,16,2) (9,17,2)
LINE#666 (9,18,2) (9,19,2)
LINE#667 (9,20,2) (9,21,2)
LINE#668 (9,22,2) (9,23,2)
LINE#669 (9,24,2) (9,25,2)
LINE#670 (9,26,2) (9,27,2)
LINE#671 (9,28,2) (9,29,2)
LINE#672 (9,30,2) (9,31,2)
LINE#673 (10,0,2) (10,1,2)
LINE#674 (10,2,2) (10,3,2)
LINE#675 (10,4,2) (10,5,2)
LINE#676 (10,6,2) (10,7,2)
LINE#677 (10,8,2) (10,9,2)
LINE#678 (10,10,2) (10,11,2)
LINE#679 (10,12,2) (10,13,2)
LINE#680 (10,14,2) (10,15,2)
LINE#681 (10,16,2) (10,17,2)
LINE#682 (10,18,2) (10,19,2)
LINE#683 (10,20,2) (10,21,2)
LINE#684 (10,22,2) (10,23,2)
LINE#685 (10,24,2) (10,25,2)
LINE#686 (10,26,2) (10,27,2)
LINE#687 (10,28,2) (10,29,2)
LINE#688 (10,30,2) (10,31,2)
LINE#689 (11,0,2) (11,1,2)
LINE#690 (11,2,2) (11,3,2)
LINE#691 (11,4,2) (11,5,2)
LINE#692 (11,6,2) (11,7,2)
LINE#693 (11,8,2) (11,9,2)
LINE#694 (11,10,2) (11,11,2)
LINE#695 (11,12,2) (11,13,2)
LINE#696 (11,14,2) (11,15,2)
LINE#697 (11,16,2) (11,17,2)
LINE#698 (11,18,2) (11,19,2)
LINE#699 (11,20,2) (11,21,2)
LINE#700 (11,22,2) (11,23,2)
LINE#701 (11,24,2) (11,25,2)
LINE#702 (11,26,2) (11,27,2)
LINE#703 (11,28,2) (11,29,2)
LINE#704 (11,30,2) (11,31,2)
LINE#705 (12,0,2) (12,1,2)
LINE#706 (12,2,2) (12,3,2)
LINE#707 (12,4,2) (12,5,2)
LINE#708 (12,6,2) (12,7,2)
LINE#709 (12,8,2) (12,9,2)
LINE#710 (12,10,2) (12,11,2)
LINE#711 (12,12,2) (12,13,2)
LINE#712 (12,14,2) (12,15,2)
LINE#713 (12,16,2) (12,17,2)
LINE#714 (12,18,2) (12,19,2)
LINE#715 (12,20,2) (12,21,2)
LINE#716 (12,22,2) (12,23,2)
LINE#717 (12,24,2) (12,25,2)
LINE#718 (12,26,2) (12,27,2)
LINE#719 (12,28,2) (12,29,2)
LINE#720 (12,30,2) (12,31,2)
LINE#721 (13,0,2) (13,1,2)
LINE#722 (13,2,2) (13,3,2)
LINE#723 (13,4,2) (13,5,2)
LINE#724 (13,6,2) (13,7,2)
LINE#725 (13,8,2) (13,9,2)
LINE#726 (13,10,2) (13,11,2)
LINE#727 (13,12,2) (13,13,2)
LINE#728 (13,14,2) (13,15,2)
LINE#729 (13,16,2) (13,17,2)
LINE#730 (13,18,2) (13,19,2)
LINE#731 (13,20,2) (13,21,2)
LINE#732 (13,22,2) (13,23,2)
LINE#733 (13,24,2) (13,25,2)
LINE#734 (13,26,2) (13,27,2)
LINE#735 (13,28,2) (13,29,2)
LINE#736 (13,30,2) (13,31,2)
LINE#737 (14,0,2) (14,1,2)
LINE#738 (14,2,2) (14,3,2)
LINE#739 (14,4,2) (14,5,2)
LINE#740 (14,6,2) (14,7,2)
LINE#741 (14,8,2) (14,9,2)
LINE#742 (14,10,2) (14,11,2)
LINE#743 (14,12,2) (14,13,2)
LINE#744 (14,14,2) (14,15,2)
LINE#745 (14,16,2) (14,17,2)
LINE#746 (14,18,2) (14,19,2)
LINE#747 (14,20,2) (14,21,2)
LINE#748 (14,22,2) (14,23,2)
LINE#749 (14,24,2) (14,25,2)
LINE#750 (14,26,2) (14,27,2)
LINE#751 (14,28,2) (14,29,2)
LINE#752 (14,30,2) (14,31,2)
LINE#753 (15,0,2) (15,1,2)
LINE#754 (15,2,2) (15,3,2)
LINE#755 (15,4,2) (15,5,2)
LINE#756 (15,6,2) (15,7,2)
LINE#757 (15,8,2) (15,9,2)
LINE#758 (15,10,2) (15,11,2)
LINE#759 (15,12,2) (15,13,2)
LINE#760 (15,14,2) (15,15,2)
LINE#761 (15,16,2) (15,17,2)
LINE#762 (15,18,2) (15,19,2)
LINE#763 (15,20,2) (15,21,2)
LINE#764 (15,22,2) (15,23,2)
LINE#765 (15,24,2) (15,25,2)
LINE#766 (15,26,2) (15,27,2)
LINE#767 (15,28,2) (15,29,2)
LINE#768 (15,30,2) (15,31,2)
LINE#769 (16,0,2) (16,1,2)
LINE#770 (16,2,2) (16,3,2)
LINE#771 (16,4,2) (16,5,2)
LINE#772 (16,6,2) (16,7,2)
LINE#773 (16,8,2) (16,9,2)
LINE#774 (16,10,2) (16,11,2)
LINE#775 (16,12,2) (16,13,2)
LINE#776 (16,14,2) (16,15,2)
LINE#777 (16,16,2) (16,17,2)
LINE#778 (16,18,2) (16,19,2)
LINE#779 (16,20,2) (16,21,2)
LINE#780 (16,22,2) (16,23,2)
LINE#781 (16,24,2) (16,25,2)
LINE#782 (16,26,2) (16,27,2)
LINE#783 (16,28,2) (16,29,2)
LINE#784 (16,30,2) (16,31,2)
LINE#785 (17,0,2) (17,1,2)
LINE#786 (17,2,2) (17,3,2)
LINE#787 (17,4,2) (17,5,2)
LINE#788 (17,6,2) (17,7,2)
LINE#789 (17,8,2) (17,9,2)
LINE#790 (17,10,2) (17,11,2)
LINE#791 (17,12,2) (17,13,2)
LINE#792 (17,14,2) (17,15,2)
LINE#793 (17,16,2) (17,17,2)
LINE#794 (17,18,2) (17,19,2)
LINE#795 (17,20,2) (17,21,2)
LINE#796 (17,22,2) (17,23,2)
LINE#797 (17,24,2) (17,25,2)
LINE#798 (17,26,2) (17,27,2)
LINE#799 (17,28,2) (17,29,2)
LINE#800 (17,30,2) (17,31,2)
LINE#801 (18,0,2) (18,1,2)
LINE#802 (18,2,2) (18,3,2)
LINE#803 (18,4,2) (18,5,2)
LINE#804 (18,6,2) (18,7,2)
LINE#805 (18,8,2) (18,9,2)
LINE#806 (18,10,2) (18,11,2)
LINE#807 (18,12,2) (18,13,2)
LINE#808 (18,14,2) (18,15,2)
LINE#809 (18,16,2) (18,17,2)
LINE#810 (18,18,2) (18,19,2)
LINE#811 (18,20,2) (18,21,2)
LINE#812 (18,22,2) (18,23,2)
LINE#813 (18,24,2) (18,25,2)
LINE#814 (18,26,2) (18,27,2)
LINE#815 (18,28,2) (18,29,2)
LINE#816 (18,30,2) (18,31,2)
LINE#817 (19,0,2) (19,1,2)
LINE#818 (19,2,2) (19,3,2)
LINE#819 (19,4,2) (19,5,2)
LINE#820 (19,6,2) (19,7,2)
LINE#821 (19,8,2) (19,9,2)
LINE#822 (19,10,2) (19,11,2)
LINE#823 (19,12,2) (19,13,2)
LINE#824 (19,14,2) (19,15,2)
LINE#825 (19,16,2) (19,17,2)
LINE#826 (19,18,2) (19,19,2)
LINE#827 (19,20,2) (19,21,2)
LINE#828 (19,22,2) (19,23,2)
LINE#829 (19,24,2) (19,25,2)
LINE#830 (19,26,2) (19,27,2)
LINE#831 (19,28,2) (19,29,2)
LINE#832 (19,30,2) (19,31,2)
LINE#833 (20,0,2) (20,1,2)
LINE#834 (20,2,2) (20,3,2)
LINE#835 (20,4,2) (20,5,2)
LINE#836 (20,6,2) (20,7,2)
LINE#837 (20,8,2) (20,9,2)
LINE#838 (20,10,2) (20,11,2)
LINE#839 (20,12,2) (20,13,2)
LINE#840 (20,14,2) (20,15,2)
LINE#841 (20,16,2) (20,17,2)
LINE#842 (20,18,2) (20,19,2)
LINE#843 (20,20,2) (20,21,2)
LINE#844 (20,22,2) (20,23,2)
LINE#845 (20,24,2) (20,25,2)
LINE#846 (20,26,2) (20,27,2)
LINE#847 (20,28,2) (20,29,2)
LINE#848 (20,30,2) (20,31,2)
LINE#849 (21,0,2) (21,1,2)
LINE#850 (21,2,2) (21,3,2)
LINE#851 (21,4,2) (21,5,2)
LINE#852 (21,6,2) (21,7,2)
LINE#853 (21,8,2) (21,9,2)
LINE#854 (21,10,2) (21,11,2)
LINE#855 (21,12,2) (21,13,2)
LINE#856 (21,14,2) (21,15,2)
LINE#857 (21,16,2) (21,17,2)
LINE#858 (21,18,2) (21,19,2)
LINE#859 (21,20,2) (21,21,2)
LINE#860 (21,22,2) (21,23,2)
LINE#861 (21,24,2) (21,25,2)
LINE#862 (21,26,2) (21,27,2)
LINE#863 (21,28,2) (21,29,2)
LINE#864 (21,30,2) (21,31,2)
LINE#865 (22,0,2) (22,1,2)
LINE#866 (22,2,2) (22,3,2)
LINE#867 (22,4,2) (22,5,2)
LINE#868 (22,6,2) (22,7,2)
LINE#869 (22,8,2) (22,9,2)
LINE#870 (22,10,2) (22,11,2)
LINE#871 (22,12,2) (22,13,2)
LINE#872 (22,14,2) (22,15,2)
LINE#873 (22,16,2) (22,17,2)
LINE#874 (22,18,2) (22,19,2)
LINE#875 (22,20,2) (22,21,2)
LINE#876 (22,22,2) (22,23,2)
LINE#877 (22,24,2) (22,25,2)
LINE#878 (22,26,2) (22,27,2)
LINE#879 (22,28,2) (22,29,2)
LINE#880 (22,30,2) (22,31,2)
LINE#881 (23,0,2) (23,1,2)
LINE#882 (23,2,2) (23,3,2)
LINE#883 (23,4,2) (23,5,2)
LINE#884 (23,6,2) (23,7,2)
LINE#885 (23,8,2) (23,9,2)
LINE#886 (23,10,2) (23,11,2)
LINE#887 (23,12,2) (23,13,2)
LINE#888 (23,14,2) (23,15,2)
LINE#889 (23,16,2) (23,17,2)
LINE#890 (23,18,2) (23,19,2)
LINE#891 (23,20,2) (23,21,2)
LINE#892 (23,22,2) (23,23,2)
LINE#893 (23,24,2) (23,25,2)
LINE#894 (23,26,2) (23,27,2)
LINE#895 (23,28,2) (23,29,2)
LINE#896 (23,30,2) (23,31,2)
LINE#897 (24,0,2) (24,1,2)
LINE#898 (24,2,2) (24,3,2)
LINE#899 (24,4,2) (24,5,2)
LINE#900 (24,6,2) (24,7,2)
LINE#901 (24,8,2) (24,9,2)
LINE#902 (24,10,2) (24,11,2)
LINE#903 (24,12,2) (24,13,2)
LINE#904 (24,14,2) (24,15,2)
LINE#905 (24,16,2) (24,17,2)
LINE#906 (24,18,2) (24,19,2)
LINE#907 (24,20,2) (24,21,2)
LINE#908 (24,22,2) (24,23,2)
LINE#909 (24,24,2) (24,25,2)
LINE#910 (24,26,2) (24,27,2)
LINE#911 (24,28,2) (24,29,2)
LINE#912 (24,30,2) (24,31,2)
LINE#913 (25,0,2) (25,1,2)
LINE#914 (25,2,2) (25,3,2)
LINE#915 (25,4,2) (25,5,2)
LINE#916 (25,6,2) (25,7,2)
LINE#917 (25,8,2) (25,9,2)
LINE#918 (25,10,2) (25,11,2)
LINE#919 (25,12,2) (25,13,2)
LINE#920 (25,14,2) (25,15,2)
LINE#921 (25,16,2) (25,17,2)
LINE#922 (25,18,2) (25,19,2)
LINE#923 (25,20,2) (25,21,2)
LINE#924 (25,22,2) (25,23,2)
LINE#925 (25,24,2) (25,25,2)
LINE#926 (25,26,2) (25,27,2)
LINE#927 (25,28,2) (25,29,2)
LINE#928 (25,30,2) (25,31,2)
LINE#929 (26,0,2) (26,1,2)
LINE#930 (26,2,2) (26,3,2)
LINE#931 (26,4,2) (26,5,2)
LINE#932 (26,6,2) (26,7,2)
LINE#933 (26,8,2) (26,9,2)
LINE#934 (26,10,2) (26,11,2)
LINE#935 (26,12,2) (26,13,2)
LINE#936 (26,14,2) (26,15,2)
LINE#937 (26,16,2) (26,17,2)
LINE#938 (26,18,2) (26,19,2)
LINE#939 (26,20,2) (26,21,2)
LINE#940 (26,22,2) (26,23,2)
LINE#941 (26,24,2) (26,25,2)
LINE#942 (26,26,2) (26,27,2)
LINE#943 (26,28,2) (26,29,2)
LINE#944 (26,30,2) (26,31,2)
LINE#945 (27,0,2) (27,1,2)
LINE#946 (27,2,2) (27,3,2)
LINE#947 (27,4,2) (27,5,2)
LINE#948 (27,6,2) (27,7,2)
LINE#949 (27,8,2) (27,9,2)
LINE#950 (27,10,2) (27,11,2)
LINE#951 (27,12,2) (27,13,2)
LINE#952 (27,14,2) (27,15,2)
LINE#953 (27,16,2) (27,17,2)
LINE#954 (27,18,2) (27,19,2)
LINE#955 (27,20,2) (27,21,2)
LINE#956 (27,22,2) (27,23,2)
LINE#957 (27,24,2) (27,25,2)
LINE#958 (27,26,2) (27,27,2)
LINE#959 (27,28,2) (27,29,2)
LINE#960 (27,30,2) (27,31,2)
LINE#961 (28,0,2) (28,1,2)
LINE#962 (28,2,2) (28,3,2)
LINE#963 (28,4,2) (28,5,2)
LINE#964 (28,6,2) (28,7,2)
LINE#965 (28,8,2) (28,9,2)
LINE#966 (28,10,2) (28,11,2)
LINE#967 (28,12,2) (28,13,2)
LINE#968 (28,14,2) (28,15,2)
LINE#969 (28,16,2) (28,17,2)
LINE#970 (28,18,2) (28,19,2)
LINE#971 (28,20,2) (28,21,2)
LINE#972 (28,22,2) (28,23,2)
LINE#973 (28,24,2) (28,25,2)
LINE#974 (28,26,2) (28,27,2)
LINE#975 (28,28,2) (28,29,2)
LINE#976 (28,30,2) (28,31,2)
LINE#977 (29,0,2) (29,1,2)
LINE#978 (29,2,2) (29,3,2)
LINE#979 (29,4,2) (29,5,2)
LINE#980 (29,6,2) (29,7,2)
LINE#981 (29,8,2) (29,9,2)
LINE#982 (29,10,2) (29,11,2)
LINE#983 (29,12,2) (29,13,2)
LINE#984 (29,14,2) (29,15,2)
LINE#985 (29,16,2) (29,17,2)
LINE#986 (29,18,2) (29,19,2)
LINE#987 (29,20,2) (29,21,2)
LINE#988 (29,22,2) (29,23,2)
LINE#989 (29,24,2) (29,25,2)
LINE#990 (29,26,2) (29,27,2)
LINE#991 (29,28,2) (29,29,2)
LINE#992 (29,30,2) (29,31,2)
LINE#993 (30,0,2) (30,1,2)
LINE#994 (30,2,2) (30,3,2)
LINE#995 (30,4,2) (30,5,2)
LINE#996 (30,6,2) (30,7,2)
LINE#997 (30,8,2) (30,9,2)
LINE#998 (30,10,2) (30,11,2)
LINE#999 (30,12,2) (30,13,2)
LINE#1000 (30,14,2) (30,15,2)
LINE#1001 (30,16,2) (30,17,2)
LINE#1002 (30,18,2) (30,19,2)
LINE#1003 (30,20,2) (30,21,2)
LINE#1004 (30,22,2) (30,23,2)
LINE#1005 (30,24,2) (30,25,2)
LINE#1006 (30,26,2) (30,27,2)
LINE#1007 (30,28,2) (30,29,2)
LINE#1008 (30,30,2) (30,31,2)
LINE#1009 (31,0,2) (31,1,2)
LINE#1010 (31,2,2) (31,3,2)
LINE#1011 (31,4,2) (31,5,2)
LINE#1012 (31,6,2) (31,7,2)
LINE#1013 (31,8,2) (31,9,2)
LINE#1014 (31,10,2) (31,11,2)
LINE#1015 (31,12,2) (31,13,2)
LINE#1016 (31,14,2) (31,15,2)
LINE#1017 (31,16,2) (31,17,2)
LINE#1018 (31,18,2) (31,19,2)
LINE#1019 (31,20,2) (31,21,2)
LINE#1020 (31,22,2) (31,23,2)
LINE#1021 (31,24,2) (31,25,2)
LINE#1022 (31,26,2) (31,27,2)
LINE#1023 (31,28,2) (31,29,2)
LINE#1024 (31,30,2) (31,31,2)
LINE#1025 (0,0,3) (0,0,8)
LINE#1026 (0,1,3) (0,1,8)
LINE#1027 (0,2,3) (0,2,8)
LINE#1028 (0,3,3) (0,3,8)
LINE#1029 (0,4,3) (0,4,8)
LINE#1030 (0,5,3) (0,5,8)
LINE#1031 (0,6,3) (0,6,8)
LINE#1032 (0,7,3) (0,7,8)
LINE#1033 (0,8,3) (0,8,8)
LINE#1034 (0,9,3) (0,9,8)
LINE#1035 (0,10,3) (0,10,8)
LINE#1036 (0,11,3) (0,11,8)
LINE#1037 (0,12,3) (0,12,8)
LINE#1038 (0,13,3) (0,13,8)
LINE#1039 (0,14,3) (0,14,8)
LINE#1040 (0,15,3) (0,15,8)
LINE#1041 (0,16,3) (0,16,8)
LINE#1042 (0,17,3) (0,17,8)
LINE#1043 (0,18,3) (0,18,8)
LINE#1044 (0,19,3) (0,19,8)
LINE#1045 (0,20,3) (0,20,8)
LINE#1046 (0,21,3) (0,21,8)
LINE#1047 (0,22,3) (0,22,8)
LINE#1048 (0,23,3) (0,23,8)
LINE#1049 (0,24,3) (0,24,8)
LINE#1050 (0,25,3) (0,25,8)
LINE#1051 (0,26,3) (0,26,8)
LINE#1052 (0,27,3) (0,27,8)
LINE#1053 (0,28,3) (0,28,8)
LINE#1054 (0,29,3) (0,29,8)
LINE#1055 (0,30,3) (0,30,8)
LINE#1056 (0,31,3) (0,31,8)
LINE#1057 (1,0,3) (1,0,8)
LINE#1058 (1,1,3) (1,1,8)
LINE#1059 (1,2,3) (1,2,8)
LINE#1060 (1,3,3) (1,3,8)
LINE#1061 (1,4,3) (1,4,8)
LINE#1062 (1,5,3) (1,5,8)
LINE#1063 (1,6,3) (1,6,8)
LINE#1064 (1,7,3) (1,7,8)
LINE#1065 (1,8,3) (1,8,8)
LINE#1066 (1,9,3) (1,9,8)
LINE#1067 (1,10,3) (1,10,8)
LINE#1068 (1,11,3) (1,11,8)
LINE#1069 (1,12,3) (1,12,8)
LINE#1070 (1,13,3) (1,13,8)
LINE#1071 (1,14,3) (1,14,8)
LINE#1072 (1,15,3) (1,15,8)
LINE#1073 (1,16,3) (1,16,8)
LINE#1074 (1,17,3) (1,17,8)
LINE#1075 (1,18,3) (1,18,8)
LINE#1076 (1,19,3) (1,19,8)
LINE#1077 (1,20,3) (1,20,8)
LINE#1078 (1,21,3) (1,21,8)
LINE#1079 (1,22,3) (1,22,8)
LINE#1080 (1,23,3) (1,23,8)
LINE#1081 (1,24,3) (1,24,8)
LINE#1082 (1,25,3) (1,25,8)
LINE#1083 (1,26,3) (1,26,8)
LINE#1084 (1,27,3) (1,27,8)
LINE#1085 (1,28,3) (1,28,8)
LINE#1086 (1,29,3) (1,29,8)
LINE#1087 (1,30,3) (1,30,8)
LINE#1088 (1,31,3) (1,31,8)
LINE#1089 (2,0,3) (31,0,3)
LINE#1090 (2,1,3) (31,1,3)
LINE#1091 (2,2,3) (31,2,3)
LINE#1092 (2,3,3) (31,3,3)
LINE#1093 (2,4,3) (31,4,3)
LINE#1094 (2,5,3) (31,5,3)
LINE#1095 (2,6,3) (31,6,3)
LINE#1096 (2,7,3) (31,7,3)
LINE#1097 (2,8,3) (31,8,3)
LINE#1098 (2,9,3) (31,9,3)
LINE#1099 (2,10,3) (31,10,3)
LINE#1100 (2,11,3) (31,11,3)
LINE#1101 (2,12,3) (31,12,3)
LINE#1102 (2,13,3) (31,13,3)
LINE#1103 (2,14,3) (31,14,3)
LINE#1104 (2,15,3) (31,15,3)
LINE#1105 (2,16,3) (31,16,3)
LINE#1106 (2,17,3) (31,17,3)
LINE#1107 (2,18,3) (31,18,3)
LINE#1108 (2,19,3) (31,19,3)
LINE#1109 (2,20,3) (31,20,3)
LINE#1110 (2,21,3) (31,21,3)
LINE#1111 (2,22,3) (31,22,3)
LINE#1112 (2,23,3) (31,23,3)
LINE#1113 (2,24,3) (31,24,3)
LINE#1114 (2,25,3) (31,25,3)
LINE#1115 (2,26,3) (31,26,3)
LINE#1116 (2,27,3) (31,27,3)
LINE#1117 (2,28,3) (31,28,3)
LINE#1118 (2,29,3) (31,29,3)
LINE#1119 (2,30,3) (31,30,3)
LINE#1120 (2,31,3) (31,31,3)
LINE#1121 (2,0,4) (31,0,4)
LINE#1122 (2,1,4) (31,1,4)
LINE#1123 (2,2,4) (31,2,4)
LINE#1124 (2,3,4) (31,3,4)
LINE#1125 (2,4,4) (31,4,4)
LINE#1126 (2,5,4) (31,5,4)
LINE#1127 (2,6,4) (31,6,4)
LINE#1128 (2,7,4) (31,7,4)
LINE#1129 (2,8,4) (31,8,4)
LINE#1130 (2,9,4) (31,9,4)
LINE#1131 (2,10,4) (31,10,4)
LINE#1132 (2,11,4) (31,11,4)
LINE#1133 (2,12,4) (31,12,4)
LINE#1134 (2,13,4) (31,13,4)
LINE#1135 (2,14,4) (31,14,4)
LINE#1136 (2,15,4) (31,15,4)
LINE#1137 (2,16,4) (31,16,4)
LINE#1138 (2,17,4) (31,17,4)
LINE#1139 (2,18,4) (31,18,4)
LINE#1140 (2,19,4) (31,19,4)
LINE#1141 (2,20,4) (31,20,4)
LINE#1142 (2,21,4) (31,21,4)
LINE#1143 (2,22,4) (31,22,4)
LINE#1144 (2,23,4) (31,23,4)
LINE#1145 (2,24,4) (31,24,4)
LINE#1146 (2,25,4) (31,25,4)
LINE#1147 (2,26,4) (31,26,4)
LINE#1148 (2,27,4) (31,27,4)
LINE#1149 (2,28,4) (31,28,4)
LINE#1150 (2,29,4) (31,29,4)
LINE#1151 (2,30,4) (31,30,4)
LINE#1152 (2,31,4) (31,31,4)
LINE#1153 (2,0,5) (31,0,5)
LINE#1154 (2,1,5) (31,1,5)
LINE#1155 (2,2,5) (31,2,5)
LINE#1156 (2,3,5) (31,3,5)
LINE#1157 (2,4,5) (31,4,5)
LINE#1158 (2,5,5) (31,5,5)
LINE#1159 (2,6,5) (31,6,5)
LINE#1160 (2,7,5) (31,7,5)
LINE#1161 (2,8,5) (31,8,5)
LINE#1162 (2,9,5) (31,9,5)
LINE#1163 (2,10,5) (31,10,5)
LINE#1164 (2,11,5) (31,11,5)
LINE#1165 (2,12,5) (31,12,5)
LINE#1166 (2,13,5) (31,13,5)
LINE#1167 (2,14,5) (31,14,5)
LINE#1168 (2,15,5) (31,15,5)
LINE#1169 (2,16,5) (31,16,5)
LINE#1170 (2,17,5) (31,17,5)
LINE#1171 (2,18,5) (31,18,5)
LINE#1172 (2,19,5) (31,19,5)
LINE#1173 (2,20,5) (31,20,5)
LINE#1174 (2,21,5) (31,21,5)
LINE#1175 (2,22,5) (31,22,5)
LINE#1176 (2,23,5) (31,23,5)
LINE#1177 (2,24,5) (31,24,5)
LINE#1178 (2,25,5) (31,25,5)
LINE#1179 (2,26,5) (31,26,5)
LINE#1180 (2,27,5) (31,27,5)
LINE#1181 (2,28,5) (31,28,5)
LINE#1182 (2,29,5) (31,29,5)
LINE#1183 (2,30,5) (31,30,5)
LINE#1184 (2,31,5) (31,31,5)
LINE#1185 (2,0,6) (2,31,6)
LINE#1186 (3,0,6) (3,31,6)
LINE#1187 (4,0,6) (4,31,6)
LINE#1188 (5,0,6) (5,31,6)
LINE#1189 (6,0,6) (6,31,6)
LINE#1190 (7,0,6) (7,31,6)
LINE#1191 (8,0,6) (8,31,6)
LINE#1192 (9,0,6) (9,31,6)
LINE#1193 (10,0,6) (10,31,6)
LINE#1194 (11,0,6) (11,31,6)
LINE#1195 (12,0,6) (12,31,6)
LINE#1196 (13,0,6) (13,31,6)
LINE#1197 (14,0,6) (14,31,6)
LINE#1198 (15,0,6) (15,31,6)
LINE#1199 (16,0,6) (16,31,6)
LINE#1200 (17,0,6) (17,31,6)
LINE#1201 (18,0,6) (18,31,6)
LINE#1202 (19,0,6) (19,31,6)
LINE#1203 (20,0,6) (20,31,6)
LINE#1204 (21,0,6) (21,31,6)
LINE#1205 (22,0,6) (22,31,6)
LINE#1206 (23,0,6) (23,31,6)
LINE#1207 (24,0,6) (24,31,6)
LINE#1208 (25,0,6) (25,31,6)
LINE#1209 (26,0,6) (26,31,6)
LINE#1210 (27,0,6) (27,31,6)
LINE#1211 (28,0,6) (28,31,6)
LINE#1212 (29,0,6) (29,31,6)
LINE#1213 (30,0,6) (30,31,6)
LINE#1214 (31,0,6) (31,31,6)
LINE#1215 (2,0,7) (2,31,7)
LINE#1216 (3,0,7) (3,31,7)
LINE#1217 (4,0,7) (4,31,7)
LINE#1218 (5,0,7) (5,31,7)
LINE#1219 (6,0,7) (6,31,7)
LINE#1220 (7,0,7) (7,31,7)
LINE#1221 (8,0,7) (8,31,7)
LINE#1222 (9,0,7) (9,31,7)
LINE#1223 (10,0,7) (10,31,7)
LINE#1224 (11,0,7) (11,31,7)
LINE#1225 (12,0,7) (12,31,7)
LINE#1226 (13,0,7) (13,31,7)
LINE#1227 (14,0,7) (14,31,7)
LINE#1228 (15,0,7) (15,31,7)
LINE#1229 (16,0,7) (16,31,7)
LINE#1230 (17,0,7) (17,31,7)
LINE#1231 (18,0,7) (18,31,7)
LINE#1232 (19,0,7) (19,31,7)
LINE#1233 (20,0,7) (20,31,7)
LINE#1234 (21,0,7) (21,31,7)
LINE#1235 (22,0,7) (22,31,7)
LINE#1236 (23,0,7) (23,31,7)
LINE#1237 (24,0,7) (24,31,7)
LINE#1238 (25,0,7) (25,31,7)
LINE#1239 (26,0,7) (26,31,7)
LINE#1240 (27,0,7) (27,31,7)
LINE#1241 (28,0,7) (28,31,7)
LINE#1242 (29,0,7) (29,31,7)
LINE#1243 (30,0,7) (30,31,7)
LINE#1244 (31,0,7) (31,31,7)
LINE#1245 (2,0,8) (2,31,8)
LINE#1246 (3,0,8) (3,31,8)
LINE#1247 (4,0,8) (4,31,8)
LINE#1248 (5,0,8) (5,31,8)
LINE#1249 (6,0,8) (6,31,8)
LINE#1250 (7,0,8) (7,31,8)
LINE#1251 (8,0,8) (8,31,8)
LINE#1252 (9,0,8) (9,31,8)
LINE#1253 (10,0,8) (10,31,8)
LINE#1254 (11,0,8) (11,31,8)
LINE#1255 (12,0,8) (12,31,8)
LINE#1256 (13,0,8) (13,31,8)
LINE#1257 (14,0,8) (14,31,8)
LINE#1258 (15,0,8) (15,31,8)
LINE#1259 (16,0,8) (16,31,8)
LINE#1260 (17,0,8) (17,31,8)
LINE#1261 (18,0,8) (18,31,8)
LINE#1262 (19,0,8) (19,31,8)
LINE#1263 (20,0,8) (20,31,8)
LINE#1264 (21,0,8) (21,31,8)
LINE#1265 (22,0,8) (22,31,8)
LINE#1266 (23,0,8) (23,31,8)
LINE#1267 (24,0,8) (24,31,8)
LINE#1268 (25,0,8) (25,31,8)
LINE#1269 (26,0,8) (26,31,8)
LINE#1270 (27,0,8) (27,31,8)
LINE#1271 (28,0,8) (28,31,8)
LINE#1272 (29,0,8) (29,31,8)
LINE#1273 (30,0,8) (30,31,8)
LINE#1274 (31,0,8) (31,31,8)
