SIZE 8X8X8
LINE_NUM 256

LINE#1 (0,0,1) (0,0,2)
LINE#2 (0,1,1) (0,1,2)
LINE#3 (0,2,1) (0,2,2)
LINE#4 (0,3,1) (0,3,2)
LINE#5 (0,4,1) (0,4,2)
LINE#6 (0,5,1) (0,5,2)
LINE#7 (0,6,1) (0,6,2)
LINE#8 (0,7,1) (0,7,2)
LINE#9 (1,0,1) (1,0,2)
LINE#10 (1,1,1) (1,1,2)
LINE#11 (1,2,1) (1,2,2)
LINE#12 (1,3,1) (1,3,2)
LINE#13 (1,4,1) (1,4,2)
LINE#14 (1,5,1) (1,5,2)
LINE#15 (1,6,1) (1,6,2)
LINE#16 (1,7,1) (1,7,2)
LINE#17 (2,0,1) (2,0,2)
LINE#18 (2,1,1) (2,1,2)
LINE#19 (2,2,1) (2,2,2)
LINE#20 (2,3,1) (2,3,2)
LINE#21 (2,4,1) (2,4,2)
LINE#22 (2,5,1) (2,5,2)
LINE#23 (2,6,1) (2,6,2)
LINE#24 (2,7,1) (2,7,2)
LINE#25 (3,0,1) (3,0,2)
LINE#26 (3,1,1) (3,1,2)
LINE#27 (3,2,1) (3,2,2)
LINE#28 (3,3,1) (3,3,2)
LINE#29 (3,4,1) (3,4,2)
LINE#30 (3,5,1) (3,5,2)
LINE#31 (3,6,1) (3,6,2)
LINE#32 (3,7,1) (3,7,2)
LINE#33 (4,0,1) (4,0,2)
LINE#34 (4,1,1) (4,1,2)
LINE#35 (4,2,1) (4,2,2)
LINE#36 (4,3,1) (4,3,2)
LINE#37 (4,4,1) (4,4,2)
LINE#38 (4,5,1) (4,5,2)
LINE#39 (4,6,1) (4,6,2)
LINE#40 (4,7,1) (4,7,2)
LINE#41 (5,0,1) (5,0,2)
LINE#42 (5,1,1) (5,1,2)
LINE#43 (5,2,1) (5,2,2)
LINE#44 (5,3,1) (5,3,2)
LINE#45 (5,4,1) (5,4,2)
LINE#46 (5,5,1) (5,5,2)
LINE#47 (5,6,1) (5,6,2)
LINE#48 (5,7,1) (5,7,2)
LINE#49 (6,0,1) (6,0,2)
LINE#50 (6,1,1) (6,1,2)
LINE#51 (6,2,1) (6,2,2)
LINE#52 (6,3,1) (6,3,2)
LINE#53 (6,4,1) (6,4,2)
LINE#54 (6,5,1) (6,5,2)
LINE#55 (6,6,1) (6,6,2)
LINE#56 (6,7,1) (6,7,2)
LINE#57 (7,0,1) (7,0,2)
LINE#58 (7,1,1) (7,1,2)
LINE#59 (7,2,1) (7,2,2)
LINE#60 (7,3,1) (7,3,2)
LINE#61 (7,4,1) (7,4,2)
LINE#62 (7,5,1) (7,5,2)
LINE#63 (7,6,1) (7,6,2)
LINE#64 (7,7,1) (7,7,2)
LINE#65 (0,0,3) (0,0,4)
LINE#66 (0,1,3) (0,1,4)
LINE#67 (0,2,3) (0,2,4)
LINE#68 (0,3,3) (0,3,4)
LINE#69 (0,4,3) (0,4,4)
LINE#70 (0,5,3) (0,5,4)
LINE#71 (0,6,3) (0,6,4)
LINE#72 (0,7,3) (0,7,4)
LINE#73 (1,0,3) (1,0,4)
LINE#74 (1,1,3) (1,1,4)
LINE#75 (1,2,3) (1,2,4)
LINE#76 (1,3,3) (1,3,4)
LINE#77 (1,4,3) (1,4,4)
LINE#78 (1,5,3) (1,5,4)
LINE#79 (1,6,3) (1,6,4)
LINE#80 (1,7,3) (1,7,4)
LINE#81 (2,0,3) (2,0,4)
LINE#82 (2,1,3) (2,1,4)
LINE#83 (2,2,3) (2,2,4)
LINE#84 (2,3,3) (2,3,4)
LINE#85 (2,4,3) (2,4,4)
LINE#86 (2,5,3) (2,5,4)
LINE#87 (2,6,3) (2,6,4)
LINE#88 (2,7,3) (2,7,4)
LINE#89 (3,0,3) (3,0,4)
LINE#90 (3,1,3) (3,1,4)
LINE#91 (3,2,3) (3,2,4)
LINE#92 (3,3,3) (3,3,4)
LINE#93 (3,4,3) (3,4,4)
LINE#94 (3,5,3) (3,5,4)
LINE#95 (3,6,3) (3,6,4)
LINE#96 (3,7,3) (3,7,4)
LINE#97 (4,0,3) (4,0,4)
LINE#98 (4,1,3) (4,1,4)
LINE#99 (4,2,3) (4,2,4)
LINE#100 (4,3,3) (4,3,4)
LINE#101 (4,4,3) (4,4,4)
LINE#102 (4,5,3) (4,5,4)
LINE#103 (4,6,3) (4,6,4)
LINE#104 (4,7,3) (4,7,4)
LINE#105 (5,0,3) (5,0,4)
LINE#106 (5,1,3) (5,1,4)
LINE#107 (5,2,3) (5,2,4)
LINE#108 (5,3,3) (5,3,4)
LINE#109 (5,4,3) (5,4,4)
LINE#110 (5,5,3) (5,5,4)
LINE#111 (5,6,3) (5,6,4)
LINE#112 (5,7,3) (5,7,4)
LINE#113 (6,0,3) (6,0,4)
LINE#114 (6,1,3) (6,1,4)
LINE#115 (6,2,3) (6,2,4)
LINE#116 (6,3,3) (6,3,4)
LINE#117 (6,4,3) (6,4,4)
LINE#118 (6,5,3) (6,5,4)
LINE#119 (6,6,3) (6,6,4)
LINE#120 (6,7,3) (6,7,4)
LINE#121 (7,0,3) (7,0,4)
LINE#122 (7,1,3) (7,1,4)
LINE#123 (7,2,3) (7,2,4)
LINE#124 (7,3,3) (7,3,4)
LINE#125 (7,4,3) (7,4,4)
LINE#126 (7,5,3) (7,5,4)
LINE#127 (7,6,3) (7,6,4)
LINE#128 (7,7,3) (7,7,4)
LINE#129 (0,0,5) (0,0,6)
LINE#130 (0,1,5) (0,1,6)
LINE#131 (0,2,5) (0,2,6)
LINE#132 (0,3,5) (0,3,6)
LINE#133 (0,4,5) (0,4,6)
LINE#134 (0,5,5) (0,5,6)
LINE#135 (0,6,5) (0,6,6)
LINE#136 (0,7,5) (0,7,6)
LINE#137 (1,0,5) (1,0,6)
LINE#138 (1,1,5) (1,1,6)
LINE#139 (1,2,5) (1,2,6)
LINE#140 (1,3,5) (1,3,6)
LINE#141 (1,4,5) (1,4,6)
LINE#142 (1,5,5) (1,5,6)
LINE#143 (1,6,5) (1,6,6)
LINE#144 (1,7,5) (1,7,6)
LINE#145 (2,0,5) (2,0,6)
LINE#146 (2,1,5) (2,1,6)
LINE#147 (2,2,5) (2,2,6)
LINE#148 (2,3,5) (2,3,6)
LINE#149 (2,4,5) (2,4,6)
LINE#150 (2,5,5) (2,5,6)
LINE#151 (2,6,5) (2,6,6)
LINE#152 (2,7,5) (2,7,6)
LINE#153 (3,0,5) (3,0,6)
LINE#154 (3,1,5) (3,1,6)
LINE#155 (3,2,5) (3,2,6)
LINE#156 (3,3,5) (3,3,6)
LINE#157 (3,4,5) (3,4,6)
LINE#158 (3,5,5) (3,5,6)
LINE#159 (3,6,5) (3,6,6)
LINE#160 (3,7,5) (3,7,6)
LINE#161 (4,0,5) (4,0,6)
LINE#162 (4,1,5) (4,1,6)
LINE#163 (4,2,5) (4,2,6)
LINE#164 (4,3,5) (4,3,6)
LINE#165 (4,4,5) (4,4,6)
LINE#166 (4,5,5) (4,5,6)
LINE#167 (4,6,5) (4,6,6)
LINE#168 (4,7,5) (4,7,6)
LINE#169 (5,0,5) (5,0,6)
LINE#170 (5,1,5) (5,1,6)
LINE#171 (5,2,5) (5,2,6)
LINE#172 (5,3,5) (5,3,6)
LINE#173 (5,4,5) (5,4,6)
LINE#174 (5,5,5) (5,5,6)
LINE#175 (5,6,5) (5,6,6)
LINE#176 (5,7,5) (5,7,6)
LINE#177 (6,0,5) (6,0,6)
LINE#178 (6,1,5) (6,1,6)
LINE#179 (6,2,5) (6,2,6)
LINE#180 (6,3,5) (6,3,6)
LINE#181 (6,4,5) (6,4,6)
LINE#182 (6,5,5) (6,5,6)
LINE#183 (6,6,5) (6,6,6)
LINE#184 (6,7,5) (6,7,6)
LINE#185 (7,0,5) (7,0,6)
LINE#186 (7,1,5) (7,1,6)
LINE#187 (7,2,5) (7,2,6)
LINE#188 (7,3,5) (7,3,6)
LINE#189 (7,4,5) (7,4,6)
LINE#190 (7,5,5) (7,5,6)
LINE#191 (7,6,5) (7,6,6)
LINE#192 (7,7,5) (7,7,6)
LINE#193 (0,0,7) (0,0,8)
LINE#194 (0,1,7) (0,1,8)
LINE#195 (0,2,7) (0,2,8)
LINE#196 (0,3,7) (0,3,8)
LINE#197 (0,4,7) (0,4,8)
LINE#198 (0,5,7) (0,5,8)
LINE#199 (0,6,7) (0,6,8)
LINE#200 (0,7,7) (0,7,8)
LINE#201 (1,0,7) (1,0,8)
LINE#202 (1,1,7) (1,1,8)
LINE#203 (1,2,7) (1,2,8)
LINE#204 (1,3,7) (1,3,8)
LINE#205 (1,4,7) (1,4,8)
LINE#206 (1,5,7) (1,5,8)
LINE#207 (1,6,7) (1,6,8)
LINE#208 (1,7,7) (1,7,8)
LINE#209 (2,0,7) (2,0,8)
LINE#210 (2,1,7) (2,1,8)
LINE#211 (2,2,7) (2,2,8)
LINE#212 (2,3,7) (2,3,8)
LINE#213 (2,4,7) (2,4,8)
LINE#214 (2,5,7) (2,5,8)
LINE#215 (2,6,7) (2,6,8)
LINE#216 (2,7,7) (2,7,8)
LINE#217 (3,0,7) (3,0,8)
LINE#218 (3,1,7) (3,1,8)
LINE#219 (3,2,7) (3,2,8)
LINE#220 (3,3,7) (3,3,8)
LINE#221 (3,4,7) (3,4,8)
LINE#222 (3,5,7) (3,5,8)
LINE#223 (3,6,7) (3,6,8)
LINE#224 (3,7,7) (3,7,8)
LINE#225 (4,0,7) (4,0,8)
LINE#226 (4,1,7) (4,1,8)
LINE#227 (4,2,7) (4,2,8)
LINE#228 (4,3,7) (4,3,8)
LINE#229 (4,4,7) (4,4,8)
LINE#230 (4,5,7) (4,5,8)
LINE#231 (4,6,7) (4,6,8)
LINE#232 (4,7,7) (4,7,8)
LINE#233 (5,0,7) (5,0,8)
LINE#234 (5,1,7) (5,1,8)
LINE#235 (5,2,7) (5,2,8)
LINE#236 (5,3,7) (5,3,8)
LINE#237 (5,4,7) (5,4,8)
LINE#238 (5,5,7) (5,5,8)
LINE#239 (5,6,7) (5,6,8)
LINE#240 (5,7,7) (5,7,8)
LINE#241 (6,0,7) (6,0,8)
LINE#242 (6,1,7) (6,1,8)
LINE#243 (6,2,7) (6,2,8)
LINE#244 (6,3,7) (6,3,8)
LINE#245 (6,4,7) (6,4,8)
LINE#246 (6,5,7) (6,5,8)
LINE#247 (6,6,7) (6,6,8)
LINE#248 (6,7,7) (6,7,8)
LINE#249 (7,0,7) (7,0,8)
LINE#250 (7,1,7) (7,1,8)
LINE#251 (7,2,7) (7,2,8)
LINE#252 (7,3,7) (7,3,8)
LINE#253 (7,4,7) (7,4,8)
LINE#254 (7,5,7) (7,5,8)
LINE#255 (7,6,7) (7,6,8)
LINE#256 (7,7,7) (7,7,8)
