SIZE 8X8X8
LINE_NUM 122

LINE#1 (0,0,1) (0,0,2)
LINE#2 (0,1,1) (0,1,2)
LINE#3 (0,2,1) (0,2,2)
LINE#4 (0,3,1) (0,3,2)
LINE#5 (0,4,1) (0,4,2)
LINE#6 (0,5,1) (0,5,2)
LINE#7 (0,6,1) (0,6,2)
LINE#8 (0,7,1) (0,7,2)
LINE#9 (1,0,1) (1,0,2)
LINE#10 (1,1,1) (1,1,2)
LINE#11 (1,2,1) (1,2,2)
LINE#12 (1,3,1) (1,3,2)
LINE#13 (1,4,1) (1,4,2)
LINE#14 (1,5,1) (1,5,2)
LINE#15 (1,6,1) (1,6,2)
LINE#16 (1,7,1) (1,7,2)
LINE#17 (2,0,1) (3,0,1)
LINE#18 (2,1,1) (3,1,1)
LINE#19 (2,2,1) (3,2,1)
LINE#20 (2,3,1) (3,3,1)
LINE#21 (2,4,1) (3,4,1)
LINE#22 (2,5,1) (3,5,1)
LINE#23 (2,6,1) (3,6,1)
LINE#24 (2,7,1) (3,7,1)
LINE#25 (4,0,1) (5,0,1)
LINE#26 (4,1,1) (5,1,1)
LINE#27 (4,2,1) (5,2,1)
LINE#28 (4,3,1) (5,3,1)
LINE#29 (4,4,1) (5,4,1)
LINE#30 (4,5,1) (5,5,1)
LINE#31 (4,6,1) (5,6,1)
LINE#32 (4,7,1) (5,7,1)
LINE#33 (6,0,1) (7,0,1)
LINE#34 (6,1,1) (7,1,1)
LINE#35 (6,2,1) (7,2,1)
LINE#36 (6,3,1) (7,3,1)
LINE#37 (6,4,1) (7,4,1)
LINE#38 (6,5,1) (7,5,1)
LINE#39 (6,6,1) (7,6,1)
LINE#40 (6,7,1) (7,7,1)
LINE#41 (2,0,2) (2,1,2)
LINE#42 (2,2,2) (2,3,2)
LINE#43 (2,4,2) (2,5,2)
LINE#44 (2,6,2) (2,7,2)
LINE#45 (3,0,2) (3,1,2)
LINE#46 (3,2,2) (3,3,2)
LINE#47 (3,4,2) (3,5,2)
LINE#48 (3,6,2) (3,7,2)
LINE#49 (4,0,2) (4,1,2)
LINE#50 (4,2,2) (4,3,2)
LINE#51 (4,4,2) (4,5,2)
LINE#52 (4,6,2) (4,7,2)
LINE#53 (5,0,2) (5,1,2)
LINE#54 (5,2,2) (5,3,2)
LINE#55 (5,4,2) (5,5,2)
LINE#56 (5,6,2) (5,7,2)
LINE#57 (6,0,2) (6,1,2)
LINE#58 (6,2,2) (6,3,2)
LINE#59 (6,4,2) (6,5,2)
LINE#60 (6,6,2) (6,7,2)
LINE#61 (7,0,2) (7,1,2)
LINE#62 (7,2,2) (7,3,2)
LINE#63 (7,4,2) (7,5,2)
LINE#64 (7,6,2) (7,7,2)
LINE#65 (0,0,3) (0,0,8)
LINE#66 (0,1,3) (0,1,8)
LINE#67 (0,2,3) (0,2,8)
LINE#68 (0,3,3) (0,3,8)
LINE#69 (0,4,3) (0,4,8)
LINE#70 (0,5,3) (0,5,8)
LINE#71 (0,6,3) (0,6,8)
LINE#72 (0,7,3) (0,7,8)
LINE#73 (1,0,3) (1,0,8)
LINE#74 (1,1,3) (1,1,8)
LINE#75 (1,2,3) (1,2,8)
LINE#76 (1,3,3) (1,3,8)
LINE#77 (1,4,3) (1,4,8)
LINE#78 (1,5,3) (1,5,8)
LINE#79 (1,6,3) (1,6,8)
LINE#80 (1,7,3) (1,7,8)
LINE#81 (2,0,3) (7,0,3)
LINE#82 (2,1,3) (7,1,3)
LINE#83 (2,2,3) (7,2,3)
LINE#84 (2,3,3) (7,3,3)
LINE#85 (2,4,3) (7,4,3)
LINE#86 (2,5,3) (7,5,3)
LINE#87 (2,6,3) (7,6,3)
LINE#88 (2,7,3) (7,7,3)
LINE#89 (2,0,4) (7,0,4)
LINE#90 (2,1,4) (7,1,4)
LINE#91 (2,2,4) (7,2,4)
LINE#92 (2,3,4) (7,3,4)
LINE#93 (2,4,4) (7,4,4)
LINE#94 (2,5,4) (7,5,4)
LINE#95 (2,6,4) (7,6,4)
LINE#96 (2,7,4) (7,7,4)
LINE#97 (2,0,5) (7,0,5)
LINE#98 (2,1,5) (7,1,5)
LINE#99 (2,2,5) (7,2,5)
LINE#100 (2,3,5) (7,3,5)
LINE#101 (2,4,5) (7,4,5)
LINE#102 (2,5,5) (7,5,5)
LINE#103 (2,6,5) (7,6,5)
LINE#104 (2,7,5) (7,7,5)
LINE#105 (2,0,6) (2,7,6)
LINE#106 (3,0,6) (3,7,6)
LINE#107 (4,0,6) (4,7,6)
LINE#108 (5,0,6) (5,7,6)
LINE#109 (6,0,6) (6,7,6)
LINE#110 (7,0,6) (7,7,6)
LINE#111 (2,0,7) (2,7,7)
LINE#112 (3,0,7) (3,7,7)
LINE#113 (4,0,7) (4,7,7)
LINE#114 (5,0,7) (5,7,7)
LINE#115 (6,0,7) (6,7,7)
LINE#116 (7,0,7) (7,7,7)
LINE#117 (2,0,8) (2,7,8)
LINE#118 (3,0,8) (3,7,8)
LINE#119 (4,0,8) (4,7,8)
LINE#120 (5,0,8) (5,7,8)
LINE#121 (6,0,8) (6,7,8)
LINE#122 (7,0,8) (7,7,8)
