SIZE 10X10X8
LINE_NUM 174

LINE#1 (0,0,1) (0,0,2)
LINE#2 (0,1,1) (0,1,2)
LINE#3 (0,2,1) (0,2,2)
LINE#4 (0,3,1) (0,3,2)
LINE#5 (0,4,1) (0,4,2)
LINE#6 (0,5,1) (0,5,2)
LINE#7 (0,6,1) (0,6,2)
LINE#8 (0,7,1) (0,7,2)
LINE#9 (0,8,1) (0,8,2)
LINE#10 (0,9,1) (0,9,2)
LINE#11 (1,0,1) (1,0,2)
LINE#12 (1,1,1) (1,1,2)
LINE#13 (1,2,1) (1,2,2)
LINE#14 (1,3,1) (1,3,2)
LINE#15 (1,4,1) (1,4,2)
LINE#16 (1,5,1) (1,5,2)
LINE#17 (1,6,1) (1,6,2)
LINE#18 (1,7,1) (1,7,2)
LINE#19 (1,8,1) (1,8,2)
LINE#20 (1,9,1) (1,9,2)
LINE#21 (2,0,1) (3,0,1)
LINE#22 (2,1,1) (3,1,1)
LINE#23 (2,2,1) (3,2,1)
LINE#24 (2,3,1) (3,3,1)
LINE#25 (2,4,1) (3,4,1)
LINE#26 (2,5,1) (3,5,1)
LINE#27 (2,6,1) (3,6,1)
LINE#28 (2,7,1) (3,7,1)
LINE#29 (2,8,1) (3,8,1)
LINE#30 (2,9,1) (3,9,1)
LINE#31 (4,0,1) (5,0,1)
LINE#32 (4,1,1) (5,1,1)
LINE#33 (4,2,1) (5,2,1)
LINE#34 (4,3,1) (5,3,1)
LINE#35 (4,4,1) (5,4,1)
LINE#36 (4,5,1) (5,5,1)
LINE#37 (4,6,1) (5,6,1)
LINE#38 (4,7,1) (5,7,1)
LINE#39 (4,8,1) (5,8,1)
LINE#40 (4,9,1) (5,9,1)
LINE#41 (6,0,1) (7,0,1)
LINE#42 (6,1,1) (7,1,1)
LINE#43 (6,2,1) (7,2,1)
LINE#44 (6,3,1) (7,3,1)
LINE#45 (6,4,1) (7,4,1)
LINE#46 (6,5,1) (7,5,1)
LINE#47 (6,6,1) (7,6,1)
LINE#48 (6,7,1) (7,7,1)
LINE#49 (6,8,1) (7,8,1)
LINE#50 (6,9,1) (7,9,1)
LINE#51 (8,0,1) (9,0,1)
LINE#52 (8,1,1) (9,1,1)
LINE#53 (8,2,1) (9,2,1)
LINE#54 (8,3,1) (9,3,1)
LINE#55 (8,4,1) (9,4,1)
LINE#56 (8,5,1) (9,5,1)
LINE#57 (8,6,1) (9,6,1)
LINE#58 (8,7,1) (9,7,1)
LINE#59 (8,8,1) (9,8,1)
LINE#60 (8,9,1) (9,9,1)
LINE#61 (2,0,2) (2,1,2)
LINE#62 (2,2,2) (2,3,2)
LINE#63 (2,4,2) (2,5,2)
LINE#64 (2,6,2) (2,7,2)
LINE#65 (2,8,2) (2,9,2)
LINE#66 (3,0,2) (3,1,2)
LINE#67 (3,2,2) (3,3,2)
LINE#68 (3,4,2) (3,5,2)
LINE#69 (3,6,2) (3,7,2)
LINE#70 (3,8,2) (3,9,2)
LINE#71 (4,0,2) (4,1,2)
LINE#72 (4,2,2) (4,3,2)
LINE#73 (4,4,2) (4,5,2)
LINE#74 (4,6,2) (4,7,2)
LINE#75 (4,8,2) (4,9,2)
LINE#76 (5,0,2) (5,1,2)
LINE#77 (5,2,2) (5,3,2)
LINE#78 (5,4,2) (5,5,2)
LINE#79 (5,6,2) (5,7,2)
LINE#80 (5,8,2) (5,9,2)
LINE#81 (6,0,2) (6,1,2)
LINE#82 (6,2,2) (6,3,2)
LINE#83 (6,4,2) (6,5,2)
LINE#84 (6,6,2) (6,7,2)
LINE#85 (6,8,2) (6,9,2)
LINE#86 (7,0,2) (7,1,2)
LINE#87 (7,2,2) (7,3,2)
LINE#88 (7,4,2) (7,5,2)
LINE#89 (7,6,2) (7,7,2)
LINE#90 (7,8,2) (7,9,2)
LINE#91 (8,0,2) (8,1,2)
LINE#92 (8,2,2) (8,3,2)
LINE#93 (8,4,2) (8,5,2)
LINE#94 (8,6,2) (8,7,2)
LINE#95 (8,8,2) (8,9,2)
LINE#96 (9,0,2) (9,1,2)
LINE#97 (9,2,2) (9,3,2)
LINE#98 (9,4,2) (9,5,2)
LINE#99 (9,6,2) (9,7,2)
LINE#100 (9,8,2) (9,9,2)
LINE#101 (0,0,3) (0,0,8)
LINE#102 (0,1,3) (0,1,8)
LINE#103 (0,2,3) (0,2,8)
LINE#104 (0,3,3) (0,3,8)
LINE#105 (0,4,3) (0,4,8)
LINE#106 (0,5,3) (0,5,8)
LINE#107 (0,6,3) (0,6,8)
LINE#108 (0,7,3) (0,7,8)
LINE#109 (0,8,3) (0,8,8)
LINE#110 (0,9,3) (0,9,8)
LINE#111 (1,0,3) (1,0,8)
LINE#112 (1,1,3) (1,1,8)
LINE#113 (1,2,3) (1,2,8)
LINE#114 (1,3,3) (1,3,8)
LINE#115 (1,4,3) (1,4,8)
LINE#116 (1,5,3) (1,5,8)
LINE#117 (1,6,3) (1,6,8)
LINE#118 (1,7,3) (1,7,8)
LINE#119 (1,8,3) (1,8,8)
LINE#120 (1,9,3) (1,9,8)
LINE#121 (2,0,3) (9,0,3)
LINE#122 (2,1,3) (9,1,3)
LINE#123 (2,2,3) (9,2,3)
LINE#124 (2,3,3) (9,3,3)
LINE#125 (2,4,3) (9,4,3)
LINE#126 (2,5,3) (9,5,3)
LINE#127 (2,6,3) (9,6,3)
LINE#128 (2,7,3) (9,7,3)
LINE#129 (2,8,3) (9,8,3)
LINE#130 (2,9,3) (9,9,3)
LINE#131 (2,0,4) (9,0,4)
LINE#132 (2,1,4) (9,1,4)
LINE#133 (2,2,4) (9,2,4)
LINE#134 (2,3,4) (9,3,4)
LINE#135 (2,4,4) (9,4,4)
LINE#136 (2,5,4) (9,5,4)
LINE#137 (2,6,4) (9,6,4)
LINE#138 (2,7,4) (9,7,4)
LINE#139 (2,8,4) (9,8,4)
LINE#140 (2,9,4) (9,9,4)
LINE#141 (2,0,5) (9,0,5)
LINE#142 (2,1,5) (9,1,5)
LINE#143 (2,2,5) (9,2,5)
LINE#144 (2,3,5) (9,3,5)
LINE#145 (2,4,5) (9,4,5)
LINE#146 (2,5,5) (9,5,5)
LINE#147 (2,6,5) (9,6,5)
LINE#148 (2,7,5) (9,7,5)
LINE#149 (2,8,5) (9,8,5)
LINE#150 (2,9,5) (9,9,5)
LINE#151 (2,0,6) (2,9,6)
LINE#152 (3,0,6) (3,9,6)
LINE#153 (4,0,6) (4,9,6)
LINE#154 (5,0,6) (5,9,6)
LINE#155 (6,0,6) (6,9,6)
LINE#156 (7,0,6) (7,9,6)
LINE#157 (8,0,6) (8,9,6)
LINE#158 (9,0,6) (9,9,6)
LINE#159 (2,0,7) (2,9,7)
LINE#160 (3,0,7) (3,9,7)
LINE#161 (4,0,7) (4,9,7)
LINE#162 (5,0,7) (5,9,7)
LINE#163 (6,0,7) (6,9,7)
LINE#164 (7,0,7) (7,9,7)
LINE#165 (8,0,7) (8,9,7)
LINE#166 (9,0,7) (9,9,7)
LINE#167 (2,0,8) (2,9,8)
LINE#168 (3,0,8) (3,9,8)
LINE#169 (4,0,8) (4,9,8)
LINE#170 (5,0,8) (5,9,8)
LINE#171 (6,0,8) (6,9,8)
LINE#172 (7,0,8) (7,9,8)
LINE#173 (8,0,8) (8,9,8)
LINE#174 (9,0,8) (9,9,8)
