SIZE 16X16X8
LINE_NUM 1024

LINE#1 (0,0,1) (0,0,2)
LINE#2 (0,1,1) (0,1,2)
LINE#3 (0,2,1) (0,2,2)
LINE#4 (0,3,1) (0,3,2)
LINE#5 (0,4,1) (0,4,2)
LINE#6 (0,5,1) (0,5,2)
LINE#7 (0,6,1) (0,6,2)
LINE#8 (0,7,1) (0,7,2)
LINE#9 (0,8,1) (0,8,2)
LINE#10 (0,9,1) (0,9,2)
LINE#11 (0,10,1) (0,10,2)
LINE#12 (0,11,1) (0,11,2)
LINE#13 (0,12,1) (0,12,2)
LINE#14 (0,13,1) (0,13,2)
LINE#15 (0,14,1) (0,14,2)
LINE#16 (0,15,1) (0,15,2)
LINE#17 (1,0,1) (1,0,2)
LINE#18 (1,1,1) (1,1,2)
LINE#19 (1,2,1) (1,2,2)
LINE#20 (1,3,1) (1,3,2)
LINE#21 (1,4,1) (1,4,2)
LINE#22 (1,5,1) (1,5,2)
LINE#23 (1,6,1) (1,6,2)
LINE#24 (1,7,1) (1,7,2)
LINE#25 (1,8,1) (1,8,2)
LINE#26 (1,9,1) (1,9,2)
LINE#27 (1,10,1) (1,10,2)
LINE#28 (1,11,1) (1,11,2)
LINE#29 (1,12,1) (1,12,2)
LINE#30 (1,13,1) (1,13,2)
LINE#31 (1,14,1) (1,14,2)
LINE#32 (1,15,1) (1,15,2)
LINE#33 (2,0,1) (2,0,2)
LINE#34 (2,1,1) (2,1,2)
LINE#35 (2,2,1) (2,2,2)
LINE#36 (2,3,1) (2,3,2)
LINE#37 (2,4,1) (2,4,2)
LINE#38 (2,5,1) (2,5,2)
LINE#39 (2,6,1) (2,6,2)
LINE#40 (2,7,1) (2,7,2)
LINE#41 (2,8,1) (2,8,2)
LINE#42 (2,9,1) (2,9,2)
LINE#43 (2,10,1) (2,10,2)
LINE#44 (2,11,1) (2,11,2)
LINE#45 (2,12,1) (2,12,2)
LINE#46 (2,13,1) (2,13,2)
LINE#47 (2,14,1) (2,14,2)
LINE#48 (2,15,1) (2,15,2)
LINE#49 (3,0,1) (3,0,2)
LINE#50 (3,1,1) (3,1,2)
LINE#51 (3,2,1) (3,2,2)
LINE#52 (3,3,1) (3,3,2)
LINE#53 (3,4,1) (3,4,2)
LINE#54 (3,5,1) (3,5,2)
LINE#55 (3,6,1) (3,6,2)
LINE#56 (3,7,1) (3,7,2)
LINE#57 (3,8,1) (3,8,2)
LINE#58 (3,9,1) (3,9,2)
LINE#59 (3,10,1) (3,10,2)
LINE#60 (3,11,1) (3,11,2)
LINE#61 (3,12,1) (3,12,2)
LINE#62 (3,13,1) (3,13,2)
LINE#63 (3,14,1) (3,14,2)
LINE#64 (3,15,1) (3,15,2)
LINE#65 (4,0,1) (4,0,2)
LINE#66 (4,1,1) (4,1,2)
LINE#67 (4,2,1) (4,2,2)
LINE#68 (4,3,1) (4,3,2)
LINE#69 (4,4,1) (4,4,2)
LINE#70 (4,5,1) (4,5,2)
LINE#71 (4,6,1) (4,6,2)
LINE#72 (4,7,1) (4,7,2)
LINE#73 (4,8,1) (4,8,2)
LINE#74 (4,9,1) (4,9,2)
LINE#75 (4,10,1) (4,10,2)
LINE#76 (4,11,1) (4,11,2)
LINE#77 (4,12,1) (4,12,2)
LINE#78 (4,13,1) (4,13,2)
LINE#79 (4,14,1) (4,14,2)
LINE#80 (4,15,1) (4,15,2)
LINE#81 (5,0,1) (5,0,2)
LINE#82 (5,1,1) (5,1,2)
LINE#83 (5,2,1) (5,2,2)
LINE#84 (5,3,1) (5,3,2)
LINE#85 (5,4,1) (5,4,2)
LINE#86 (5,5,1) (5,5,2)
LINE#87 (5,6,1) (5,6,2)
LINE#88 (5,7,1) (5,7,2)
LINE#89 (5,8,1) (5,8,2)
LINE#90 (5,9,1) (5,9,2)
LINE#91 (5,10,1) (5,10,2)
LINE#92 (5,11,1) (5,11,2)
LINE#93 (5,12,1) (5,12,2)
LINE#94 (5,13,1) (5,13,2)
LINE#95 (5,14,1) (5,14,2)
LINE#96 (5,15,1) (5,15,2)
LINE#97 (6,0,1) (6,0,2)
LINE#98 (6,1,1) (6,1,2)
LINE#99 (6,2,1) (6,2,2)
LINE#100 (6,3,1) (6,3,2)
LINE#101 (6,4,1) (6,4,2)
LINE#102 (6,5,1) (6,5,2)
LINE#103 (6,6,1) (6,6,2)
LINE#104 (6,7,1) (6,7,2)
LINE#105 (6,8,1) (6,8,2)
LINE#106 (6,9,1) (6,9,2)
LINE#107 (6,10,1) (6,10,2)
LINE#108 (6,11,1) (6,11,2)
LINE#109 (6,12,1) (6,12,2)
LINE#110 (6,13,1) (6,13,2)
LINE#111 (6,14,1) (6,14,2)
LINE#112 (6,15,1) (6,15,2)
LINE#113 (7,0,1) (7,0,2)
LINE#114 (7,1,1) (7,1,2)
LINE#115 (7,2,1) (7,2,2)
LINE#116 (7,3,1) (7,3,2)
LINE#117 (7,4,1) (7,4,2)
LINE#118 (7,5,1) (7,5,2)
LINE#119 (7,6,1) (7,6,2)
LINE#120 (7,7,1) (7,7,2)
LINE#121 (7,8,1) (7,8,2)
LINE#122 (7,9,1) (7,9,2)
LINE#123 (7,10,1) (7,10,2)
LINE#124 (7,11,1) (7,11,2)
LINE#125 (7,12,1) (7,12,2)
LINE#126 (7,13,1) (7,13,2)
LINE#127 (7,14,1) (7,14,2)
LINE#128 (7,15,1) (7,15,2)
LINE#129 (8,0,1) (8,0,2)
LINE#130 (8,1,1) (8,1,2)
LINE#131 (8,2,1) (8,2,2)
LINE#132 (8,3,1) (8,3,2)
LINE#133 (8,4,1) (8,4,2)
LINE#134 (8,5,1) (8,5,2)
LINE#135 (8,6,1) (8,6,2)
LINE#136 (8,7,1) (8,7,2)
LINE#137 (8,8,1) (8,8,2)
LINE#138 (8,9,1) (8,9,2)
LINE#139 (8,10,1) (8,10,2)
LINE#140 (8,11,1) (8,11,2)
LINE#141 (8,12,1) (8,12,2)
LINE#142 (8,13,1) (8,13,2)
LINE#143 (8,14,1) (8,14,2)
LINE#144 (8,15,1) (8,15,2)
LINE#145 (9,0,1) (9,0,2)
LINE#146 (9,1,1) (9,1,2)
LINE#147 (9,2,1) (9,2,2)
LINE#148 (9,3,1) (9,3,2)
LINE#149 (9,4,1) (9,4,2)
LINE#150 (9,5,1) (9,5,2)
LINE#151 (9,6,1) (9,6,2)
LINE#152 (9,7,1) (9,7,2)
LINE#153 (9,8,1) (9,8,2)
LINE#154 (9,9,1) (9,9,2)
LINE#155 (9,10,1) (9,10,2)
LINE#156 (9,11,1) (9,11,2)
LINE#157 (9,12,1) (9,12,2)
LINE#158 (9,13,1) (9,13,2)
LINE#159 (9,14,1) (9,14,2)
LINE#160 (9,15,1) (9,15,2)
LINE#161 (10,0,1) (10,0,2)
LINE#162 (10,1,1) (10,1,2)
LINE#163 (10,2,1) (10,2,2)
LINE#164 (10,3,1) (10,3,2)
LINE#165 (10,4,1) (10,4,2)
LINE#166 (10,5,1) (10,5,2)
LINE#167 (10,6,1) (10,6,2)
LINE#168 (10,7,1) (10,7,2)
LINE#169 (10,8,1) (10,8,2)
LINE#170 (10,9,1) (10,9,2)
LINE#171 (10,10,1) (10,10,2)
LINE#172 (10,11,1) (10,11,2)
LINE#173 (10,12,1) (10,12,2)
LINE#174 (10,13,1) (10,13,2)
LINE#175 (10,14,1) (10,14,2)
LINE#176 (10,15,1) (10,15,2)
LINE#177 (11,0,1) (11,0,2)
LINE#178 (11,1,1) (11,1,2)
LINE#179 (11,2,1) (11,2,2)
LINE#180 (11,3,1) (11,3,2)
LINE#181 (11,4,1) (11,4,2)
LINE#182 (11,5,1) (11,5,2)
LINE#183 (11,6,1) (11,6,2)
LINE#184 (11,7,1) (11,7,2)
LINE#185 (11,8,1) (11,8,2)
LINE#186 (11,9,1) (11,9,2)
LINE#187 (11,10,1) (11,10,2)
LINE#188 (11,11,1) (11,11,2)
LINE#189 (11,12,1) (11,12,2)
LINE#190 (11,13,1) (11,13,2)
LINE#191 (11,14,1) (11,14,2)
LINE#192 (11,15,1) (11,15,2)
LINE#193 (12,0,1) (12,0,2)
LINE#194 (12,1,1) (12,1,2)
LINE#195 (12,2,1) (12,2,2)
LINE#196 (12,3,1) (12,3,2)
LINE#197 (12,4,1) (12,4,2)
LINE#198 (12,5,1) (12,5,2)
LINE#199 (12,6,1) (12,6,2)
LINE#200 (12,7,1) (12,7,2)
LINE#201 (12,8,1) (12,8,2)
LINE#202 (12,9,1) (12,9,2)
LINE#203 (12,10,1) (12,10,2)
LINE#204 (12,11,1) (12,11,2)
LINE#205 (12,12,1) (12,12,2)
LINE#206 (12,13,1) (12,13,2)
LINE#207 (12,14,1) (12,14,2)
LINE#208 (12,15,1) (12,15,2)
LINE#209 (13,0,1) (13,0,2)
LINE#210 (13,1,1) (13,1,2)
LINE#211 (13,2,1) (13,2,2)
LINE#212 (13,3,1) (13,3,2)
LINE#213 (13,4,1) (13,4,2)
LINE#214 (13,5,1) (13,5,2)
LINE#215 (13,6,1) (13,6,2)
LINE#216 (13,7,1) (13,7,2)
LINE#217 (13,8,1) (13,8,2)
LINE#218 (13,9,1) (13,9,2)
LINE#219 (13,10,1) (13,10,2)
LINE#220 (13,11,1) (13,11,2)
LINE#221 (13,12,1) (13,12,2)
LINE#222 (13,13,1) (13,13,2)
LINE#223 (13,14,1) (13,14,2)
LINE#224 (13,15,1) (13,15,2)
LINE#225 (14,0,1) (14,0,2)
LINE#226 (14,1,1) (14,1,2)
LINE#227 (14,2,1) (14,2,2)
LINE#228 (14,3,1) (14,3,2)
LINE#229 (14,4,1) (14,4,2)
LINE#230 (14,5,1) (14,5,2)
LINE#231 (14,6,1) (14,6,2)
LINE#232 (14,7,1) (14,7,2)
LINE#233 (14,8,1) (14,8,2)
LINE#234 (14,9,1) (14,9,2)
LINE#235 (14,10,1) (14,10,2)
LINE#236 (14,11,1) (14,11,2)
LINE#237 (14,12,1) (14,12,2)
LINE#238 (14,13,1) (14,13,2)
LINE#239 (14,14,1) (14,14,2)
LINE#240 (14,15,1) (14,15,2)
LINE#241 (15,0,1) (15,0,2)
LINE#242 (15,1,1) (15,1,2)
LINE#243 (15,2,1) (15,2,2)
LINE#244 (15,3,1) (15,3,2)
LINE#245 (15,4,1) (15,4,2)
LINE#246 (15,5,1) (15,5,2)
LINE#247 (15,6,1) (15,6,2)
LINE#248 (15,7,1) (15,7,2)
LINE#249 (15,8,1) (15,8,2)
LINE#250 (15,9,1) (15,9,2)
LINE#251 (15,10,1) (15,10,2)
LINE#252 (15,11,1) (15,11,2)
LINE#253 (15,12,1) (15,12,2)
LINE#254 (15,13,1) (15,13,2)
LINE#255 (15,14,1) (15,14,2)
LINE#256 (15,15,1) (15,15,2)
LINE#257 (0,0,3) (0,0,4)
LINE#258 (0,1,3) (0,1,4)
LINE#259 (0,2,3) (0,2,4)
LINE#260 (0,3,3) (0,3,4)
LINE#261 (0,4,3) (0,4,4)
LINE#262 (0,5,3) (0,5,4)
LINE#263 (0,6,3) (0,6,4)
LINE#264 (0,7,3) (0,7,4)
LINE#265 (0,8,3) (0,8,4)
LINE#266 (0,9,3) (0,9,4)
LINE#267 (0,10,3) (0,10,4)
LINE#268 (0,11,3) (0,11,4)
LINE#269 (0,12,3) (0,12,4)
LINE#270 (0,13,3) (0,13,4)
LINE#271 (0,14,3) (0,14,4)
LINE#272 (0,15,3) (0,15,4)
LINE#273 (1,0,3) (1,0,4)
LINE#274 (1,1,3) (1,1,4)
LINE#275 (1,2,3) (1,2,4)
LINE#276 (1,3,3) (1,3,4)
LINE#277 (1,4,3) (1,4,4)
LINE#278 (1,5,3) (1,5,4)
LINE#279 (1,6,3) (1,6,4)
LINE#280 (1,7,3) (1,7,4)
LINE#281 (1,8,3) (1,8,4)
LINE#282 (1,9,3) (1,9,4)
LINE#283 (1,10,3) (1,10,4)
LINE#284 (1,11,3) (1,11,4)
LINE#285 (1,12,3) (1,12,4)
LINE#286 (1,13,3) (1,13,4)
LINE#287 (1,14,3) (1,14,4)
LINE#288 (1,15,3) (1,15,4)
LINE#289 (2,0,3) (2,0,4)
LINE#290 (2,1,3) (2,1,4)
LINE#291 (2,2,3) (2,2,4)
LINE#292 (2,3,3) (2,3,4)
LINE#293 (2,4,3) (2,4,4)
LINE#294 (2,5,3) (2,5,4)
LINE#295 (2,6,3) (2,6,4)
LINE#296 (2,7,3) (2,7,4)
LINE#297 (2,8,3) (2,8,4)
LINE#298 (2,9,3) (2,9,4)
LINE#299 (2,10,3) (2,10,4)
LINE#300 (2,11,3) (2,11,4)
LINE#301 (2,12,3) (2,12,4)
LINE#302 (2,13,3) (2,13,4)
LINE#303 (2,14,3) (2,14,4)
LINE#304 (2,15,3) (2,15,4)
LINE#305 (3,0,3) (3,0,4)
LINE#306 (3,1,3) (3,1,4)
LINE#307 (3,2,3) (3,2,4)
LINE#308 (3,3,3) (3,3,4)
LINE#309 (3,4,3) (3,4,4)
LINE#310 (3,5,3) (3,5,4)
LINE#311 (3,6,3) (3,6,4)
LINE#312 (3,7,3) (3,7,4)
LINE#313 (3,8,3) (3,8,4)
LINE#314 (3,9,3) (3,9,4)
LINE#315 (3,10,3) (3,10,4)
LINE#316 (3,11,3) (3,11,4)
LINE#317 (3,12,3) (3,12,4)
LINE#318 (3,13,3) (3,13,4)
LINE#319 (3,14,3) (3,14,4)
LINE#320 (3,15,3) (3,15,4)
LINE#321 (4,0,3) (4,0,4)
LINE#322 (4,1,3) (4,1,4)
LINE#323 (4,2,3) (4,2,4)
LINE#324 (4,3,3) (4,3,4)
LINE#325 (4,4,3) (4,4,4)
LINE#326 (4,5,3) (4,5,4)
LINE#327 (4,6,3) (4,6,4)
LINE#328 (4,7,3) (4,7,4)
LINE#329 (4,8,3) (4,8,4)
LINE#330 (4,9,3) (4,9,4)
LINE#331 (4,10,3) (4,10,4)
LINE#332 (4,11,3) (4,11,4)
LINE#333 (4,12,3) (4,12,4)
LINE#334 (4,13,3) (4,13,4)
LINE#335 (4,14,3) (4,14,4)
LINE#336 (4,15,3) (4,15,4)
LINE#337 (5,0,3) (5,0,4)
LINE#338 (5,1,3) (5,1,4)
LINE#339 (5,2,3) (5,2,4)
LINE#340 (5,3,3) (5,3,4)
LINE#341 (5,4,3) (5,4,4)
LINE#342 (5,5,3) (5,5,4)
LINE#343 (5,6,3) (5,6,4)
LINE#344 (5,7,3) (5,7,4)
LINE#345 (5,8,3) (5,8,4)
LINE#346 (5,9,3) (5,9,4)
LINE#347 (5,10,3) (5,10,4)
LINE#348 (5,11,3) (5,11,4)
LINE#349 (5,12,3) (5,12,4)
LINE#350 (5,13,3) (5,13,4)
LINE#351 (5,14,3) (5,14,4)
LINE#352 (5,15,3) (5,15,4)
LINE#353 (6,0,3) (6,0,4)
LINE#354 (6,1,3) (6,1,4)
LINE#355 (6,2,3) (6,2,4)
LINE#356 (6,3,3) (6,3,4)
LINE#357 (6,4,3) (6,4,4)
LINE#358 (6,5,3) (6,5,4)
LINE#359 (6,6,3) (6,6,4)
LINE#360 (6,7,3) (6,7,4)
LINE#361 (6,8,3) (6,8,4)
LINE#362 (6,9,3) (6,9,4)
LINE#363 (6,10,3) (6,10,4)
LINE#364 (6,11,3) (6,11,4)
LINE#365 (6,12,3) (6,12,4)
LINE#366 (6,13,3) (6,13,4)
LINE#367 (6,14,3) (6,14,4)
LINE#368 (6,15,3) (6,15,4)
LINE#369 (7,0,3) (7,0,4)
LINE#370 (7,1,3) (7,1,4)
LINE#371 (7,2,3) (7,2,4)
LINE#372 (7,3,3) (7,3,4)
LINE#373 (7,4,3) (7,4,4)
LINE#374 (7,5,3) (7,5,4)
LINE#375 (7,6,3) (7,6,4)
LINE#376 (7,7,3) (7,7,4)
LINE#377 (7,8,3) (7,8,4)
LINE#378 (7,9,3) (7,9,4)
LINE#379 (7,10,3) (7,10,4)
LINE#380 (7,11,3) (7,11,4)
LINE#381 (7,12,3) (7,12,4)
LINE#382 (7,13,3) (7,13,4)
LINE#383 (7,14,3) (7,14,4)
LINE#384 (7,15,3) (7,15,4)
LINE#385 (8,0,3) (8,0,4)
LINE#386 (8,1,3) (8,1,4)
LINE#387 (8,2,3) (8,2,4)
LINE#388 (8,3,3) (8,3,4)
LINE#389 (8,4,3) (8,4,4)
LINE#390 (8,5,3) (8,5,4)
LINE#391 (8,6,3) (8,6,4)
LINE#392 (8,7,3) (8,7,4)
LINE#393 (8,8,3) (8,8,4)
LINE#394 (8,9,3) (8,9,4)
LINE#395 (8,10,3) (8,10,4)
LINE#396 (8,11,3) (8,11,4)
LINE#397 (8,12,3) (8,12,4)
LINE#398 (8,13,3) (8,13,4)
LINE#399 (8,14,3) (8,14,4)
LINE#400 (8,15,3) (8,15,4)
LINE#401 (9,0,3) (9,0,4)
LINE#402 (9,1,3) (9,1,4)
LINE#403 (9,2,3) (9,2,4)
LINE#404 (9,3,3) (9,3,4)
LINE#405 (9,4,3) (9,4,4)
LINE#406 (9,5,3) (9,5,4)
LINE#407 (9,6,3) (9,6,4)
LINE#408 (9,7,3) (9,7,4)
LINE#409 (9,8,3) (9,8,4)
LINE#410 (9,9,3) (9,9,4)
LINE#411 (9,10,3) (9,10,4)
LINE#412 (9,11,3) (9,11,4)
LINE#413 (9,12,3) (9,12,4)
LINE#414 (9,13,3) (9,13,4)
LINE#415 (9,14,3) (9,14,4)
LINE#416 (9,15,3) (9,15,4)
LINE#417 (10,0,3) (10,0,4)
LINE#418 (10,1,3) (10,1,4)
LINE#419 (10,2,3) (10,2,4)
LINE#420 (10,3,3) (10,3,4)
LINE#421 (10,4,3) (10,4,4)
LINE#422 (10,5,3) (10,5,4)
LINE#423 (10,6,3) (10,6,4)
LINE#424 (10,7,3) (10,7,4)
LINE#425 (10,8,3) (10,8,4)
LINE#426 (10,9,3) (10,9,4)
LINE#427 (10,10,3) (10,10,4)
LINE#428 (10,11,3) (10,11,4)
LINE#429 (10,12,3) (10,12,4)
LINE#430 (10,13,3) (10,13,4)
LINE#431 (10,14,3) (10,14,4)
LINE#432 (10,15,3) (10,15,4)
LINE#433 (11,0,3) (11,0,4)
LINE#434 (11,1,3) (11,1,4)
LINE#435 (11,2,3) (11,2,4)
LINE#436 (11,3,3) (11,3,4)
LINE#437 (11,4,3) (11,4,4)
LINE#438 (11,5,3) (11,5,4)
LINE#439 (11,6,3) (11,6,4)
LINE#440 (11,7,3) (11,7,4)
LINE#441 (11,8,3) (11,8,4)
LINE#442 (11,9,3) (11,9,4)
LINE#443 (11,10,3) (11,10,4)
LINE#444 (11,11,3) (11,11,4)
LINE#445 (11,12,3) (11,12,4)
LINE#446 (11,13,3) (11,13,4)
LINE#447 (11,14,3) (11,14,4)
LINE#448 (11,15,3) (11,15,4)
LINE#449 (12,0,3) (12,0,4)
LINE#450 (12,1,3) (12,1,4)
LINE#451 (12,2,3) (12,2,4)
LINE#452 (12,3,3) (12,3,4)
LINE#453 (12,4,3) (12,4,4)
LINE#454 (12,5,3) (12,5,4)
LINE#455 (12,6,3) (12,6,4)
LINE#456 (12,7,3) (12,7,4)
LINE#457 (12,8,3) (12,8,4)
LINE#458 (12,9,3) (12,9,4)
LINE#459 (12,10,3) (12,10,4)
LINE#460 (12,11,3) (12,11,4)
LINE#461 (12,12,3) (12,12,4)
LINE#462 (12,13,3) (12,13,4)
LINE#463 (12,14,3) (12,14,4)
LINE#464 (12,15,3) (12,15,4)
LINE#465 (13,0,3) (13,0,4)
LINE#466 (13,1,3) (13,1,4)
LINE#467 (13,2,3) (13,2,4)
LINE#468 (13,3,3) (13,3,4)
LINE#469 (13,4,3) (13,4,4)
LINE#470 (13,5,3) (13,5,4)
LINE#471 (13,6,3) (13,6,4)
LINE#472 (13,7,3) (13,7,4)
LINE#473 (13,8,3) (13,8,4)
LINE#474 (13,9,3) (13,9,4)
LINE#475 (13,10,3) (13,10,4)
LINE#476 (13,11,3) (13,11,4)
LINE#477 (13,12,3) (13,12,4)
LINE#478 (13,13,3) (13,13,4)
LINE#479 (13,14,3) (13,14,4)
LINE#480 (13,15,3) (13,15,4)
LINE#481 (14,0,3) (14,0,4)
LINE#482 (14,1,3) (14,1,4)
LINE#483 (14,2,3) (14,2,4)
LINE#484 (14,3,3) (14,3,4)
LINE#485 (14,4,3) (14,4,4)
LINE#486 (14,5,3) (14,5,4)
LINE#487 (14,6,3) (14,6,4)
LINE#488 (14,7,3) (14,7,4)
LINE#489 (14,8,3) (14,8,4)
LINE#490 (14,9,3) (14,9,4)
LINE#491 (14,10,3) (14,10,4)
LINE#492 (14,11,3) (14,11,4)
LINE#493 (14,12,3) (14,12,4)
LINE#494 (14,13,3) (14,13,4)
LINE#495 (14,14,3) (14,14,4)
LINE#496 (14,15,3) (14,15,4)
LINE#497 (15,0,3) (15,0,4)
LINE#498 (15,1,3) (15,1,4)
LINE#499 (15,2,3) (15,2,4)
LINE#500 (15,3,3) (15,3,4)
LINE#501 (15,4,3) (15,4,4)
LINE#502 (15,5,3) (15,5,4)
LINE#503 (15,6,3) (15,6,4)
LINE#504 (15,7,3) (15,7,4)
LINE#505 (15,8,3) (15,8,4)
LINE#506 (15,9,3) (15,9,4)
LINE#507 (15,10,3) (15,10,4)
LINE#508 (15,11,3) (15,11,4)
LINE#509 (15,12,3) (15,12,4)
LINE#510 (15,13,3) (15,13,4)
LINE#511 (15,14,3) (15,14,4)
LINE#512 (15,15,3) (15,15,4)
LINE#513 (0,0,5) (0,0,6)
LINE#514 (0,1,5) (0,1,6)
LINE#515 (0,2,5) (0,2,6)
LINE#516 (0,3,5) (0,3,6)
LINE#517 (0,4,5) (0,4,6)
LINE#518 (0,5,5) (0,5,6)
LINE#519 (0,6,5) (0,6,6)
LINE#520 (0,7,5) (0,7,6)
LINE#521 (0,8,5) (0,8,6)
LINE#522 (0,9,5) (0,9,6)
LINE#523 (0,10,5) (0,10,6)
LINE#524 (0,11,5) (0,11,6)
LINE#525 (0,12,5) (0,12,6)
LINE#526 (0,13,5) (0,13,6)
LINE#527 (0,14,5) (0,14,6)
LINE#528 (0,15,5) (0,15,6)
LINE#529 (1,0,5) (1,0,6)
LINE#530 (1,1,5) (1,1,6)
LINE#531 (1,2,5) (1,2,6)
LINE#532 (1,3,5) (1,3,6)
LINE#533 (1,4,5) (1,4,6)
LINE#534 (1,5,5) (1,5,6)
LINE#535 (1,6,5) (1,6,6)
LINE#536 (1,7,5) (1,7,6)
LINE#537 (1,8,5) (1,8,6)
LINE#538 (1,9,5) (1,9,6)
LINE#539 (1,10,5) (1,10,6)
LINE#540 (1,11,5) (1,11,6)
LINE#541 (1,12,5) (1,12,6)
LINE#542 (1,13,5) (1,13,6)
LINE#543 (1,14,5) (1,14,6)
LINE#544 (1,15,5) (1,15,6)
LINE#545 (2,0,5) (2,0,6)
LINE#546 (2,1,5) (2,1,6)
LINE#547 (2,2,5) (2,2,6)
LINE#548 (2,3,5) (2,3,6)
LINE#549 (2,4,5) (2,4,6)
LINE#550 (2,5,5) (2,5,6)
LINE#551 (2,6,5) (2,6,6)
LINE#552 (2,7,5) (2,7,6)
LINE#553 (2,8,5) (2,8,6)
LINE#554 (2,9,5) (2,9,6)
LINE#555 (2,10,5) (2,10,6)
LINE#556 (2,11,5) (2,11,6)
LINE#557 (2,12,5) (2,12,6)
LINE#558 (2,13,5) (2,13,6)
LINE#559 (2,14,5) (2,14,6)
LINE#560 (2,15,5) (2,15,6)
LINE#561 (3,0,5) (3,0,6)
LINE#562 (3,1,5) (3,1,6)
LINE#563 (3,2,5) (3,2,6)
LINE#564 (3,3,5) (3,3,6)
LINE#565 (3,4,5) (3,4,6)
LINE#566 (3,5,5) (3,5,6)
LINE#567 (3,6,5) (3,6,6)
LINE#568 (3,7,5) (3,7,6)
LINE#569 (3,8,5) (3,8,6)
LINE#570 (3,9,5) (3,9,6)
LINE#571 (3,10,5) (3,10,6)
LINE#572 (3,11,5) (3,11,6)
LINE#573 (3,12,5) (3,12,6)
LINE#574 (3,13,5) (3,13,6)
LINE#575 (3,14,5) (3,14,6)
LINE#576 (3,15,5) (3,15,6)
LINE#577 (4,0,5) (4,0,6)
LINE#578 (4,1,5) (4,1,6)
LINE#579 (4,2,5) (4,2,6)
LINE#580 (4,3,5) (4,3,6)
LINE#581 (4,4,5) (4,4,6)
LINE#582 (4,5,5) (4,5,6)
LINE#583 (4,6,5) (4,6,6)
LINE#584 (4,7,5) (4,7,6)
LINE#585 (4,8,5) (4,8,6)
LINE#586 (4,9,5) (4,9,6)
LINE#587 (4,10,5) (4,10,6)
LINE#588 (4,11,5) (4,11,6)
LINE#589 (4,12,5) (4,12,6)
LINE#590 (4,13,5) (4,13,6)
LINE#591 (4,14,5) (4,14,6)
LINE#592 (4,15,5) (4,15,6)
LINE#593 (5,0,5) (5,0,6)
LINE#594 (5,1,5) (5,1,6)
LINE#595 (5,2,5) (5,2,6)
LINE#596 (5,3,5) (5,3,6)
LINE#597 (5,4,5) (5,4,6)
LINE#598 (5,5,5) (5,5,6)
LINE#599 (5,6,5) (5,6,6)
LINE#600 (5,7,5) (5,7,6)
LINE#601 (5,8,5) (5,8,6)
LINE#602 (5,9,5) (5,9,6)
LINE#603 (5,10,5) (5,10,6)
LINE#604 (5,11,5) (5,11,6)
LINE#605 (5,12,5) (5,12,6)
LINE#606 (5,13,5) (5,13,6)
LINE#607 (5,14,5) (5,14,6)
LINE#608 (5,15,5) (5,15,6)
LINE#609 (6,0,5) (6,0,6)
LINE#610 (6,1,5) (6,1,6)
LINE#611 (6,2,5) (6,2,6)
LINE#612 (6,3,5) (6,3,6)
LINE#613 (6,4,5) (6,4,6)
LINE#614 (6,5,5) (6,5,6)
LINE#615 (6,6,5) (6,6,6)
LINE#616 (6,7,5) (6,7,6)
LINE#617 (6,8,5) (6,8,6)
LINE#618 (6,9,5) (6,9,6)
LINE#619 (6,10,5) (6,10,6)
LINE#620 (6,11,5) (6,11,6)
LINE#621 (6,12,5) (6,12,6)
LINE#622 (6,13,5) (6,13,6)
LINE#623 (6,14,5) (6,14,6)
LINE#624 (6,15,5) (6,15,6)
LINE#625 (7,0,5) (7,0,6)
LINE#626 (7,1,5) (7,1,6)
LINE#627 (7,2,5) (7,2,6)
LINE#628 (7,3,5) (7,3,6)
LINE#629 (7,4,5) (7,4,6)
LINE#630 (7,5,5) (7,5,6)
LINE#631 (7,6,5) (7,6,6)
LINE#632 (7,7,5) (7,7,6)
LINE#633 (7,8,5) (7,8,6)
LINE#634 (7,9,5) (7,9,6)
LINE#635 (7,10,5) (7,10,6)
LINE#636 (7,11,5) (7,11,6)
LINE#637 (7,12,5) (7,12,6)
LINE#638 (7,13,5) (7,13,6)
LINE#639 (7,14,5) (7,14,6)
LINE#640 (7,15,5) (7,15,6)
LINE#641 (8,0,5) (8,0,6)
LINE#642 (8,1,5) (8,1,6)
LINE#643 (8,2,5) (8,2,6)
LINE#644 (8,3,5) (8,3,6)
LINE#645 (8,4,5) (8,4,6)
LINE#646 (8,5,5) (8,5,6)
LINE#647 (8,6,5) (8,6,6)
LINE#648 (8,7,5) (8,7,6)
LINE#649 (8,8,5) (8,8,6)
LINE#650 (8,9,5) (8,9,6)
LINE#651 (8,10,5) (8,10,6)
LINE#652 (8,11,5) (8,11,6)
LINE#653 (8,12,5) (8,12,6)
LINE#654 (8,13,5) (8,13,6)
LINE#655 (8,14,5) (8,14,6)
LINE#656 (8,15,5) (8,15,6)
LINE#657 (9,0,5) (9,0,6)
LINE#658 (9,1,5) (9,1,6)
LINE#659 (9,2,5) (9,2,6)
LINE#660 (9,3,5) (9,3,6)
LINE#661 (9,4,5) (9,4,6)
LINE#662 (9,5,5) (9,5,6)
LINE#663 (9,6,5) (9,6,6)
LINE#664 (9,7,5) (9,7,6)
LINE#665 (9,8,5) (9,8,6)
LINE#666 (9,9,5) (9,9,6)
LINE#667 (9,10,5) (9,10,6)
LINE#668 (9,11,5) (9,11,6)
LINE#669 (9,12,5) (9,12,6)
LINE#670 (9,13,5) (9,13,6)
LINE#671 (9,14,5) (9,14,6)
LINE#672 (9,15,5) (9,15,6)
LINE#673 (10,0,5) (10,0,6)
LINE#674 (10,1,5) (10,1,6)
LINE#675 (10,2,5) (10,2,6)
LINE#676 (10,3,5) (10,3,6)
LINE#677 (10,4,5) (10,4,6)
LINE#678 (10,5,5) (10,5,6)
LINE#679 (10,6,5) (10,6,6)
LINE#680 (10,7,5) (10,7,6)
LINE#681 (10,8,5) (10,8,6)
LINE#682 (10,9,5) (10,9,6)
LINE#683 (10,10,5) (10,10,6)
LINE#684 (10,11,5) (10,11,6)
LINE#685 (10,12,5) (10,12,6)
LINE#686 (10,13,5) (10,13,6)
LINE#687 (10,14,5) (10,14,6)
LINE#688 (10,15,5) (10,15,6)
LINE#689 (11,0,5) (11,0,6)
LINE#690 (11,1,5) (11,1,6)
LINE#691 (11,2,5) (11,2,6)
LINE#692 (11,3,5) (11,3,6)
LINE#693 (11,4,5) (11,4,6)
LINE#694 (11,5,5) (11,5,6)
LINE#695 (11,6,5) (11,6,6)
LINE#696 (11,7,5) (11,7,6)
LINE#697 (11,8,5) (11,8,6)
LINE#698 (11,9,5) (11,9,6)
LINE#699 (11,10,5) (11,10,6)
LINE#700 (11,11,5) (11,11,6)
LINE#701 (11,12,5) (11,12,6)
LINE#702 (11,13,5) (11,13,6)
LINE#703 (11,14,5) (11,14,6)
LINE#704 (11,15,5) (11,15,6)
LINE#705 (12,0,5) (12,0,6)
LINE#706 (12,1,5) (12,1,6)
LINE#707 (12,2,5) (12,2,6)
LINE#708 (12,3,5) (12,3,6)
LINE#709 (12,4,5) (12,4,6)
LINE#710 (12,5,5) (12,5,6)
LINE#711 (12,6,5) (12,6,6)
LINE#712 (12,7,5) (12,7,6)
LINE#713 (12,8,5) (12,8,6)
LINE#714 (12,9,5) (12,9,6)
LINE#715 (12,10,5) (12,10,6)
LINE#716 (12,11,5) (12,11,6)
LINE#717 (12,12,5) (12,12,6)
LINE#718 (12,13,5) (12,13,6)
LINE#719 (12,14,5) (12,14,6)
LINE#720 (12,15,5) (12,15,6)
LINE#721 (13,0,5) (13,0,6)
LINE#722 (13,1,5) (13,1,6)
LINE#723 (13,2,5) (13,2,6)
LINE#724 (13,3,5) (13,3,6)
LINE#725 (13,4,5) (13,4,6)
LINE#726 (13,5,5) (13,5,6)
LINE#727 (13,6,5) (13,6,6)
LINE#728 (13,7,5) (13,7,6)
LINE#729 (13,8,5) (13,8,6)
LINE#730 (13,9,5) (13,9,6)
LINE#731 (13,10,5) (13,10,6)
LINE#732 (13,11,5) (13,11,6)
LINE#733 (13,12,5) (13,12,6)
LINE#734 (13,13,5) (13,13,6)
LINE#735 (13,14,5) (13,14,6)
LINE#736 (13,15,5) (13,15,6)
LINE#737 (14,0,5) (14,0,6)
LINE#738 (14,1,5) (14,1,6)
LINE#739 (14,2,5) (14,2,6)
LINE#740 (14,3,5) (14,3,6)
LINE#741 (14,4,5) (14,4,6)
LINE#742 (14,5,5) (14,5,6)
LINE#743 (14,6,5) (14,6,6)
LINE#744 (14,7,5) (14,7,6)
LINE#745 (14,8,5) (14,8,6)
LINE#746 (14,9,5) (14,9,6)
LINE#747 (14,10,5) (14,10,6)
LINE#748 (14,11,5) (14,11,6)
LINE#749 (14,12,5) (14,12,6)
LINE#750 (14,13,5) (14,13,6)
LINE#751 (14,14,5) (14,14,6)
LINE#752 (14,15,5) (14,15,6)
LINE#753 (15,0,5) (15,0,6)
LINE#754 (15,1,5) (15,1,6)
LINE#755 (15,2,5) (15,2,6)
LINE#756 (15,3,5) (15,3,6)
LINE#757 (15,4,5) (15,4,6)
LINE#758 (15,5,5) (15,5,6)
LINE#759 (15,6,5) (15,6,6)
LINE#760 (15,7,5) (15,7,6)
LINE#761 (15,8,5) (15,8,6)
LINE#762 (15,9,5) (15,9,6)
LINE#763 (15,10,5) (15,10,6)
LINE#764 (15,11,5) (15,11,6)
LINE#765 (15,12,5) (15,12,6)
LINE#766 (15,13,5) (15,13,6)
LINE#767 (15,14,5) (15,14,6)
LINE#768 (15,15,5) (15,15,6)
LINE#769 (0,0,7) (0,0,8)
LINE#770 (0,1,7) (0,1,8)
LINE#771 (0,2,7) (0,2,8)
LINE#772 (0,3,7) (0,3,8)
LINE#773 (0,4,7) (0,4,8)
LINE#774 (0,5,7) (0,5,8)
LINE#775 (0,6,7) (0,6,8)
LINE#776 (0,7,7) (0,7,8)
LINE#777 (0,8,7) (0,8,8)
LINE#778 (0,9,7) (0,9,8)
LINE#779 (0,10,7) (0,10,8)
LINE#780 (0,11,7) (0,11,8)
LINE#781 (0,12,7) (0,12,8)
LINE#782 (0,13,7) (0,13,8)
LINE#783 (0,14,7) (0,14,8)
LINE#784 (0,15,7) (0,15,8)
LINE#785 (1,0,7) (1,0,8)
LINE#786 (1,1,7) (1,1,8)
LINE#787 (1,2,7) (1,2,8)
LINE#788 (1,3,7) (1,3,8)
LINE#789 (1,4,7) (1,4,8)
LINE#790 (1,5,7) (1,5,8)
LINE#791 (1,6,7) (1,6,8)
LINE#792 (1,7,7) (1,7,8)
LINE#793 (1,8,7) (1,8,8)
LINE#794 (1,9,7) (1,9,8)
LINE#795 (1,10,7) (1,10,8)
LINE#796 (1,11,7) (1,11,8)
LINE#797 (1,12,7) (1,12,8)
LINE#798 (1,13,7) (1,13,8)
LINE#799 (1,14,7) (1,14,8)
LINE#800 (1,15,7) (1,15,8)
LINE#801 (2,0,7) (2,0,8)
LINE#802 (2,1,7) (2,1,8)
LINE#803 (2,2,7) (2,2,8)
LINE#804 (2,3,7) (2,3,8)
LINE#805 (2,4,7) (2,4,8)
LINE#806 (2,5,7) (2,5,8)
LINE#807 (2,6,7) (2,6,8)
LINE#808 (2,7,7) (2,7,8)
LINE#809 (2,8,7) (2,8,8)
LINE#810 (2,9,7) (2,9,8)
LINE#811 (2,10,7) (2,10,8)
LINE#812 (2,11,7) (2,11,8)
LINE#813 (2,12,7) (2,12,8)
LINE#814 (2,13,7) (2,13,8)
LINE#815 (2,14,7) (2,14,8)
LINE#816 (2,15,7) (2,15,8)
LINE#817 (3,0,7) (3,0,8)
LINE#818 (3,1,7) (3,1,8)
LINE#819 (3,2,7) (3,2,8)
LINE#820 (3,3,7) (3,3,8)
LINE#821 (3,4,7) (3,4,8)
LINE#822 (3,5,7) (3,5,8)
LINE#823 (3,6,7) (3,6,8)
LINE#824 (3,7,7) (3,7,8)
LINE#825 (3,8,7) (3,8,8)
LINE#826 (3,9,7) (3,9,8)
LINE#827 (3,10,7) (3,10,8)
LINE#828 (3,11,7) (3,11,8)
LINE#829 (3,12,7) (3,12,8)
LINE#830 (3,13,7) (3,13,8)
LINE#831 (3,14,7) (3,14,8)
LINE#832 (3,15,7) (3,15,8)
LINE#833 (4,0,7) (4,0,8)
LINE#834 (4,1,7) (4,1,8)
LINE#835 (4,2,7) (4,2,8)
LINE#836 (4,3,7) (4,3,8)
LINE#837 (4,4,7) (4,4,8)
LINE#838 (4,5,7) (4,5,8)
LINE#839 (4,6,7) (4,6,8)
LINE#840 (4,7,7) (4,7,8)
LINE#841 (4,8,7) (4,8,8)
LINE#842 (4,9,7) (4,9,8)
LINE#843 (4,10,7) (4,10,8)
LINE#844 (4,11,7) (4,11,8)
LINE#845 (4,12,7) (4,12,8)
LINE#846 (4,13,7) (4,13,8)
LINE#847 (4,14,7) (4,14,8)
LINE#848 (4,15,7) (4,15,8)
LINE#849 (5,0,7) (5,0,8)
LINE#850 (5,1,7) (5,1,8)
LINE#851 (5,2,7) (5,2,8)
LINE#852 (5,3,7) (5,3,8)
LINE#853 (5,4,7) (5,4,8)
LINE#854 (5,5,7) (5,5,8)
LINE#855 (5,6,7) (5,6,8)
LINE#856 (5,7,7) (5,7,8)
LINE#857 (5,8,7) (5,8,8)
LINE#858 (5,9,7) (5,9,8)
LINE#859 (5,10,7) (5,10,8)
LINE#860 (5,11,7) (5,11,8)
LINE#861 (5,12,7) (5,12,8)
LINE#862 (5,13,7) (5,13,8)
LINE#863 (5,14,7) (5,14,8)
LINE#864 (5,15,7) (5,15,8)
LINE#865 (6,0,7) (6,0,8)
LINE#866 (6,1,7) (6,1,8)
LINE#867 (6,2,7) (6,2,8)
LINE#868 (6,3,7) (6,3,8)
LINE#869 (6,4,7) (6,4,8)
LINE#870 (6,5,7) (6,5,8)
LINE#871 (6,6,7) (6,6,8)
LINE#872 (6,7,7) (6,7,8)
LINE#873 (6,8,7) (6,8,8)
LINE#874 (6,9,7) (6,9,8)
LINE#875 (6,10,7) (6,10,8)
LINE#876 (6,11,7) (6,11,8)
LINE#877 (6,12,7) (6,12,8)
LINE#878 (6,13,7) (6,13,8)
LINE#879 (6,14,7) (6,14,8)
LINE#880 (6,15,7) (6,15,8)
LINE#881 (7,0,7) (7,0,8)
LINE#882 (7,1,7) (7,1,8)
LINE#883 (7,2,7) (7,2,8)
LINE#884 (7,3,7) (7,3,8)
LINE#885 (7,4,7) (7,4,8)
LINE#886 (7,5,7) (7,5,8)
LINE#887 (7,6,7) (7,6,8)
LINE#888 (7,7,7) (7,7,8)
LINE#889 (7,8,7) (7,8,8)
LINE#890 (7,9,7) (7,9,8)
LINE#891 (7,10,7) (7,10,8)
LINE#892 (7,11,7) (7,11,8)
LINE#893 (7,12,7) (7,12,8)
LINE#894 (7,13,7) (7,13,8)
LINE#895 (7,14,7) (7,14,8)
LINE#896 (7,15,7) (7,15,8)
LINE#897 (8,0,7) (8,0,8)
LINE#898 (8,1,7) (8,1,8)
LINE#899 (8,2,7) (8,2,8)
LINE#900 (8,3,7) (8,3,8)
LINE#901 (8,4,7) (8,4,8)
LINE#902 (8,5,7) (8,5,8)
LINE#903 (8,6,7) (8,6,8)
LINE#904 (8,7,7) (8,7,8)
LINE#905 (8,8,7) (8,8,8)
LINE#906 (8,9,7) (8,9,8)
LINE#907 (8,10,7) (8,10,8)
LINE#908 (8,11,7) (8,11,8)
LINE#909 (8,12,7) (8,12,8)
LINE#910 (8,13,7) (8,13,8)
LINE#911 (8,14,7) (8,14,8)
LINE#912 (8,15,7) (8,15,8)
LINE#913 (9,0,7) (9,0,8)
LINE#914 (9,1,7) (9,1,8)
LINE#915 (9,2,7) (9,2,8)
LINE#916 (9,3,7) (9,3,8)
LINE#917 (9,4,7) (9,4,8)
LINE#918 (9,5,7) (9,5,8)
LINE#919 (9,6,7) (9,6,8)
LINE#920 (9,7,7) (9,7,8)
LINE#921 (9,8,7) (9,8,8)
LINE#922 (9,9,7) (9,9,8)
LINE#923 (9,10,7) (9,10,8)
LINE#924 (9,11,7) (9,11,8)
LINE#925 (9,12,7) (9,12,8)
LINE#926 (9,13,7) (9,13,8)
LINE#927 (9,14,7) (9,14,8)
LINE#928 (9,15,7) (9,15,8)
LINE#929 (10,0,7) (10,0,8)
LINE#930 (10,1,7) (10,1,8)
LINE#931 (10,2,7) (10,2,8)
LINE#932 (10,3,7) (10,3,8)
LINE#933 (10,4,7) (10,4,8)
LINE#934 (10,5,7) (10,5,8)
LINE#935 (10,6,7) (10,6,8)
LINE#936 (10,7,7) (10,7,8)
LINE#937 (10,8,7) (10,8,8)
LINE#938 (10,9,7) (10,9,8)
LINE#939 (10,10,7) (10,10,8)
LINE#940 (10,11,7) (10,11,8)
LINE#941 (10,12,7) (10,12,8)
LINE#942 (10,13,7) (10,13,8)
LINE#943 (10,14,7) (10,14,8)
LINE#944 (10,15,7) (10,15,8)
LINE#945 (11,0,7) (11,0,8)
LINE#946 (11,1,7) (11,1,8)
LINE#947 (11,2,7) (11,2,8)
LINE#948 (11,3,7) (11,3,8)
LINE#949 (11,4,7) (11,4,8)
LINE#950 (11,5,7) (11,5,8)
LINE#951 (11,6,7) (11,6,8)
LINE#952 (11,7,7) (11,7,8)
LINE#953 (11,8,7) (11,8,8)
LINE#954 (11,9,7) (11,9,8)
LINE#955 (11,10,7) (11,10,8)
LINE#956 (11,11,7) (11,11,8)
LINE#957 (11,12,7) (11,12,8)
LINE#958 (11,13,7) (11,13,8)
LINE#959 (11,14,7) (11,14,8)
LINE#960 (11,15,7) (11,15,8)
LINE#961 (12,0,7) (12,0,8)
LINE#962 (12,1,7) (12,1,8)
LINE#963 (12,2,7) (12,2,8)
LINE#964 (12,3,7) (12,3,8)
LINE#965 (12,4,7) (12,4,8)
LINE#966 (12,5,7) (12,5,8)
LINE#967 (12,6,7) (12,6,8)
LINE#968 (12,7,7) (12,7,8)
LINE#969 (12,8,7) (12,8,8)
LINE#970 (12,9,7) (12,9,8)
LINE#971 (12,10,7) (12,10,8)
LINE#972 (12,11,7) (12,11,8)
LINE#973 (12,12,7) (12,12,8)
LINE#974 (12,13,7) (12,13,8)
LINE#975 (12,14,7) (12,14,8)
LINE#976 (12,15,7) (12,15,8)
LINE#977 (13,0,7) (13,0,8)
LINE#978 (13,1,7) (13,1,8)
LINE#979 (13,2,7) (13,2,8)
LINE#980 (13,3,7) (13,3,8)
LINE#981 (13,4,7) (13,4,8)
LINE#982 (13,5,7) (13,5,8)
LINE#983 (13,6,7) (13,6,8)
LINE#984 (13,7,7) (13,7,8)
LINE#985 (13,8,7) (13,8,8)
LINE#986 (13,9,7) (13,9,8)
LINE#987 (13,10,7) (13,10,8)
LINE#988 (13,11,7) (13,11,8)
LINE#989 (13,12,7) (13,12,8)
LINE#990 (13,13,7) (13,13,8)
LINE#991 (13,14,7) (13,14,8)
LINE#992 (13,15,7) (13,15,8)
LINE#993 (14,0,7) (14,0,8)
LINE#994 (14,1,7) (14,1,8)
LINE#995 (14,2,7) (14,2,8)
LINE#996 (14,3,7) (14,3,8)
LINE#997 (14,4,7) (14,4,8)
LINE#998 (14,5,7) (14,5,8)
LINE#999 (14,6,7) (14,6,8)
LINE#1000 (14,7,7) (14,7,8)
LINE#1001 (14,8,7) (14,8,8)
LINE#1002 (14,9,7) (14,9,8)
LINE#1003 (14,10,7) (14,10,8)
LINE#1004 (14,11,7) (14,11,8)
LINE#1005 (14,12,7) (14,12,8)
LINE#1006 (14,13,7) (14,13,8)
LINE#1007 (14,14,7) (14,14,8)
LINE#1008 (14,15,7) (14,15,8)
LINE#1009 (15,0,7) (15,0,8)
LINE#1010 (15,1,7) (15,1,8)
LINE#1011 (15,2,7) (15,2,8)
LINE#1012 (15,3,7) (15,3,8)
LINE#1013 (15,4,7) (15,4,8)
LINE#1014 (15,5,7) (15,5,8)
LINE#1015 (15,6,7) (15,6,8)
LINE#1016 (15,7,7) (15,7,8)
LINE#1017 (15,8,7) (15,8,8)
LINE#1018 (15,9,7) (15,9,8)
LINE#1019 (15,10,7) (15,10,8)
LINE#1020 (15,11,7) (15,11,8)
LINE#1021 (15,12,7) (15,12,8)
LINE#1022 (15,13,7) (15,13,8)
LINE#1023 (15,14,7) (15,14,8)
LINE#1024 (15,15,7) (15,15,8)
