SIZE 4X4X8
LINE_NUM 64

LINE#1 (0,0,1) (0,0,2)
LINE#2 (0,1,1) (0,1,2)
LINE#3 (0,2,1) (0,2,2)
LINE#4 (0,3,1) (0,3,2)
LINE#5 (1,0,1) (1,0,2)
LINE#6 (1,1,1) (1,1,2)
LINE#7 (1,2,1) (1,2,2)
LINE#8 (1,3,1) (1,3,2)
LINE#9 (2,0,1) (2,0,2)
LINE#10 (2,1,1) (2,1,2)
LINE#11 (2,2,1) (2,2,2)
LINE#12 (2,3,1) (2,3,2)
LINE#13 (3,0,1) (3,0,2)
LINE#14 (3,1,1) (3,1,2)
LINE#15 (3,2,1) (3,2,2)
LINE#16 (3,3,1) (3,3,2)
LINE#17 (0,0,3) (0,0,4)
LINE#18 (0,1,3) (0,1,4)
LINE#19 (0,2,3) (0,2,4)
LINE#20 (0,3,3) (0,3,4)
LINE#21 (1,0,3) (1,0,4)
LINE#22 (1,1,3) (1,1,4)
LINE#23 (1,2,3) (1,2,4)
LINE#24 (1,3,3) (1,3,4)
LINE#25 (2,0,3) (2,0,4)
LINE#26 (2,1,3) (2,1,4)
LINE#27 (2,2,3) (2,2,4)
LINE#28 (2,3,3) (2,3,4)
LINE#29 (3,0,3) (3,0,4)
LINE#30 (3,1,3) (3,1,4)
LINE#31 (3,2,3) (3,2,4)
LINE#32 (3,3,3) (3,3,4)
LINE#33 (0,0,5) (0,0,6)
LINE#34 (0,1,5) (0,1,6)
LINE#35 (0,2,5) (0,2,6)
LINE#36 (0,3,5) (0,3,6)
LINE#37 (1,0,5) (1,0,6)
LINE#38 (1,1,5) (1,1,6)
LINE#39 (1,2,5) (1,2,6)
LINE#40 (1,3,5) (1,3,6)
LINE#41 (2,0,5) (2,0,6)
LINE#42 (2,1,5) (2,1,6)
LINE#43 (2,2,5) (2,2,6)
LINE#44 (2,3,5) (2,3,6)
LINE#45 (3,0,5) (3,0,6)
LINE#46 (3,1,5) (3,1,6)
LINE#47 (3,2,5) (3,2,6)
LINE#48 (3,3,5) (3,3,6)
LINE#49 (0,0,7) (0,0,8)
LINE#50 (0,1,7) (0,1,8)
LINE#51 (0,2,7) (0,2,8)
LINE#52 (0,3,7) (0,3,8)
LINE#53 (1,0,7) (1,0,8)
LINE#54 (1,1,7) (1,1,8)
LINE#55 (1,2,7) (1,2,8)
LINE#56 (1,3,7) (1,3,8)
LINE#57 (2,0,7) (2,0,8)
LINE#58 (2,1,7) (2,1,8)
LINE#59 (2,2,7) (2,2,8)
LINE#60 (2,3,7) (2,3,8)
LINE#61 (3,0,7) (3,0,8)
LINE#62 (3,1,7) (3,1,8)
LINE#63 (3,2,7) (3,2,8)
LINE#64 (3,3,7) (3,3,8)
