SIZE 6X6X8
LINE_NUM 78

LINE#1 (0,0,1) (0,0,2)
LINE#2 (0,1,1) (0,1,2)
LINE#3 (0,2,1) (0,2,2)
LINE#4 (0,3,1) (0,3,2)
LINE#5 (0,4,1) (0,4,2)
LINE#6 (0,5,1) (0,5,2)
LINE#7 (1,0,1) (1,0,2)
LINE#8 (1,1,1) (1,1,2)
LINE#9 (1,2,1) (1,2,2)
LINE#10 (1,3,1) (1,3,2)
LINE#11 (1,4,1) (1,4,2)
LINE#12 (1,5,1) (1,5,2)
LINE#13 (2,0,1) (3,0,1)
LINE#14 (2,1,1) (3,1,1)
LINE#15 (2,2,1) (3,2,1)
LINE#16 (2,3,1) (3,3,1)
LINE#17 (2,4,1) (3,4,1)
LINE#18 (2,5,1) (3,5,1)
LINE#19 (4,0,1) (5,0,1)
LINE#20 (4,1,1) (5,1,1)
LINE#21 (4,2,1) (5,2,1)
LINE#22 (4,3,1) (5,3,1)
LINE#23 (4,4,1) (5,4,1)
LINE#24 (4,5,1) (5,5,1)
LINE#25 (2,0,2) (2,1,2)
LINE#26 (2,2,2) (2,3,2)
LINE#27 (2,4,2) (2,5,2)
LINE#28 (3,0,2) (3,1,2)
LINE#29 (3,2,2) (3,3,2)
LINE#30 (3,4,2) (3,5,2)
LINE#31 (4,0,2) (4,1,2)
LINE#32 (4,2,2) (4,3,2)
LINE#33 (4,4,2) (4,5,2)
LINE#34 (5,0,2) (5,1,2)
LINE#35 (5,2,2) (5,3,2)
LINE#36 (5,4,2) (5,5,2)
LINE#37 (0,0,3) (0,0,8)
LINE#38 (0,1,3) (0,1,8)
LINE#39 (0,2,3) (0,2,8)
LINE#40 (0,3,3) (0,3,8)
LINE#41 (0,4,3) (0,4,8)
LINE#42 (0,5,3) (0,5,8)
LINE#43 (1,0,3) (1,0,8)
LINE#44 (1,1,3) (1,1,8)
LINE#45 (1,2,3) (1,2,8)
LINE#46 (1,3,3) (1,3,8)
LINE#47 (1,4,3) (1,4,8)
LINE#48 (1,5,3) (1,5,8)
LINE#49 (2,0,3) (5,0,3)
LINE#50 (2,1,3) (5,1,3)
LINE#51 (2,2,3) (5,2,3)
LINE#52 (2,3,3) (5,3,3)
LINE#53 (2,4,3) (5,4,3)
LINE#54 (2,5,3) (5,5,3)
LINE#55 (2,0,4) (5,0,4)
LINE#56 (2,1,4) (5,1,4)
LINE#57 (2,2,4) (5,2,4)
LINE#58 (2,3,4) (5,3,4)
LINE#59 (2,4,4) (5,4,4)
LINE#60 (2,5,4) (5,5,4)
LINE#61 (2,0,5) (5,0,5)
LINE#62 (2,1,5) (5,1,5)
LINE#63 (2,2,5) (5,2,5)
LINE#64 (2,3,5) (5,3,5)
LINE#65 (2,4,5) (5,4,5)
LINE#66 (2,5,5) (5,5,5)
LINE#67 (2,0,6) (2,5,6)
LINE#68 (3,0,6) (3,5,6)
LINE#69 (4,0,6) (4,5,6)
LINE#70 (5,0,6) (5,5,6)
LINE#71 (2,0,7) (2,5,7)
LINE#72 (3,0,7) (3,5,7)
LINE#73 (4,0,7) (4,5,7)
LINE#74 (5,0,7) (5,5,7)
LINE#75 (2,0,8) (2,5,8)
LINE#76 (3,0,8) (3,5,8)
LINE#77 (4,0,8) (4,5,8)
LINE#78 (5,0,8) (5,5,8)
