SIZE 4X4X8
LINE_NUM 42

LINE#1 (0,0,1) (0,0,2)
LINE#2 (0,1,1) (0,1,2)
LINE#3 (0,2,1) (0,2,2)
LINE#4 (0,3,1) (0,3,2)
LINE#5 (1,0,1) (1,0,2)
LINE#6 (1,1,1) (1,1,2)
LINE#7 (1,2,1) (1,2,2)
LINE#8 (1,3,1) (1,3,2)
LINE#9 (2,0,1) (3,0,1)
LINE#10 (2,1,1) (3,1,1)
LINE#11 (2,2,1) (3,2,1)
LINE#12 (2,3,1) (3,3,1)
LINE#13 (2,0,2) (2,1,2)
LINE#14 (2,2,2) (2,3,2)
LINE#15 (3,0,2) (3,1,2)
LINE#16 (3,2,2) (3,3,2)
LINE#17 (0,0,3) (0,0,8)
LINE#18 (0,1,3) (0,1,8)
LINE#19 (0,2,3) (0,2,8)
LINE#20 (0,3,3) (0,3,8)
LINE#21 (1,0,3) (1,0,8)
LINE#22 (1,1,3) (1,1,8)
LINE#23 (1,2,3) (1,2,8)
LINE#24 (1,3,3) (1,3,8)
LINE#25 (2,0,3) (3,0,3)
LINE#26 (2,1,3) (3,1,3)
LINE#27 (2,2,3) (3,2,3)
LINE#28 (2,3,3) (3,3,3)
LINE#29 (2,0,4) (3,0,4)
LINE#30 (2,1,4) (3,1,4)
LINE#31 (2,2,4) (3,2,4)
LINE#32 (2,3,4) (3,3,4)
LINE#33 (2,0,5) (3,0,5)
LINE#34 (2,1,5) (3,1,5)
LINE#35 (2,2,5) (3,2,5)
LINE#36 (2,3,5) (3,3,5)
LINE#37 (2,0,6) (2,3,6)
LINE#38 (3,0,6) (3,3,6)
LINE#39 (2,0,7) (2,3,7)
LINE#40 (3,0,7) (3,3,7)
LINE#41 (2,0,8) (2,3,8)
LINE#42 (3,0,8) (3,3,8)
