SIZE 12X12X8
LINE_NUM 234

LINE#1 (0,0,1) (0,0,2)
LINE#2 (0,1,1) (0,1,2)
LINE#3 (0,2,1) (0,2,2)
LINE#4 (0,3,1) (0,3,2)
LINE#5 (0,4,1) (0,4,2)
LINE#6 (0,5,1) (0,5,2)
LINE#7 (0,6,1) (0,6,2)
LINE#8 (0,7,1) (0,7,2)
LINE#9 (0,8,1) (0,8,2)
LINE#10 (0,9,1) (0,9,2)
LINE#11 (0,10,1) (0,10,2)
LINE#12 (0,11,1) (0,11,2)
LINE#13 (1,0,1) (1,0,2)
LINE#14 (1,1,1) (1,1,2)
LINE#15 (1,2,1) (1,2,2)
LINE#16 (1,3,1) (1,3,2)
LINE#17 (1,4,1) (1,4,2)
LINE#18 (1,5,1) (1,5,2)
LINE#19 (1,6,1) (1,6,2)
LINE#20 (1,7,1) (1,7,2)
LINE#21 (1,8,1) (1,8,2)
LINE#22 (1,9,1) (1,9,2)
LINE#23 (1,10,1) (1,10,2)
LINE#24 (1,11,1) (1,11,2)
LINE#25 (2,0,1) (3,0,1)
LINE#26 (2,1,1) (3,1,1)
LINE#27 (2,2,1) (3,2,1)
LINE#28 (2,3,1) (3,3,1)
LINE#29 (2,4,1) (3,4,1)
LINE#30 (2,5,1) (3,5,1)
LINE#31 (2,6,1) (3,6,1)
LINE#32 (2,7,1) (3,7,1)
LINE#33 (2,8,1) (3,8,1)
LINE#34 (2,9,1) (3,9,1)
LINE#35 (2,10,1) (3,10,1)
LINE#36 (2,11,1) (3,11,1)
LINE#37 (4,0,1) (5,0,1)
LINE#38 (4,1,1) (5,1,1)
LINE#39 (4,2,1) (5,2,1)
LINE#40 (4,3,1) (5,3,1)
LINE#41 (4,4,1) (5,4,1)
LINE#42 (4,5,1) (5,5,1)
LINE#43 (4,6,1) (5,6,1)
LINE#44 (4,7,1) (5,7,1)
LINE#45 (4,8,1) (5,8,1)
LINE#46 (4,9,1) (5,9,1)
LINE#47 (4,10,1) (5,10,1)
LINE#48 (4,11,1) (5,11,1)
LINE#49 (6,0,1) (7,0,1)
LINE#50 (6,1,1) (7,1,1)
LINE#51 (6,2,1) (7,2,1)
LINE#52 (6,3,1) (7,3,1)
LINE#53 (6,4,1) (7,4,1)
LINE#54 (6,5,1) (7,5,1)
LINE#55 (6,6,1) (7,6,1)
LINE#56 (6,7,1) (7,7,1)
LINE#57 (6,8,1) (7,8,1)
LINE#58 (6,9,1) (7,9,1)
LINE#59 (6,10,1) (7,10,1)
LINE#60 (6,11,1) (7,11,1)
LINE#61 (8,0,1) (9,0,1)
LINE#62 (8,1,1) (9,1,1)
LINE#63 (8,2,1) (9,2,1)
LINE#64 (8,3,1) (9,3,1)
LINE#65 (8,4,1) (9,4,1)
LINE#66 (8,5,1) (9,5,1)
LINE#67 (8,6,1) (9,6,1)
LINE#68 (8,7,1) (9,7,1)
LINE#69 (8,8,1) (9,8,1)
LINE#70 (8,9,1) (9,9,1)
LINE#71 (8,10,1) (9,10,1)
LINE#72 (8,11,1) (9,11,1)
LINE#73 (10,0,1) (11,0,1)
LINE#74 (10,1,1) (11,1,1)
LINE#75 (10,2,1) (11,2,1)
LINE#76 (10,3,1) (11,3,1)
LINE#77 (10,4,1) (11,4,1)
LINE#78 (10,5,1) (11,5,1)
LINE#79 (10,6,1) (11,6,1)
LINE#80 (10,7,1) (11,7,1)
LINE#81 (10,8,1) (11,8,1)
LINE#82 (10,9,1) (11,9,1)
LINE#83 (10,10,1) (11,10,1)
LINE#84 (10,11,1) (11,11,1)
LINE#85 (2,0,2) (2,1,2)
LINE#86 (2,2,2) (2,3,2)
LINE#87 (2,4,2) (2,5,2)
LINE#88 (2,6,2) (2,7,2)
LINE#89 (2,8,2) (2,9,2)
LINE#90 (2,10,2) (2,11,2)
LINE#91 (3,0,2) (3,1,2)
LINE#92 (3,2,2) (3,3,2)
LINE#93 (3,4,2) (3,5,2)
LINE#94 (3,6,2) (3,7,2)
LINE#95 (3,8,2) (3,9,2)
LINE#96 (3,10,2) (3,11,2)
LINE#97 (4,0,2) (4,1,2)
LINE#98 (4,2,2) (4,3,2)
LINE#99 (4,4,2) (4,5,2)
LINE#100 (4,6,2) (4,7,2)
LINE#101 (4,8,2) (4,9,2)
LINE#102 (4,10,2) (4,11,2)
LINE#103 (5,0,2) (5,1,2)
LINE#104 (5,2,2) (5,3,2)
LINE#105 (5,4,2) (5,5,2)
LINE#106 (5,6,2) (5,7,2)
LINE#107 (5,8,2) (5,9,2)
LINE#108 (5,10,2) (5,11,2)
LINE#109 (6,0,2) (6,1,2)
LINE#110 (6,2,2) (6,3,2)
LINE#111 (6,4,2) (6,5,2)
LINE#112 (6,6,2) (6,7,2)
LINE#113 (6,8,2) (6,9,2)
LINE#114 (6,10,2) (6,11,2)
LINE#115 (7,0,2) (7,1,2)
LINE#116 (7,2,2) (7,3,2)
LINE#117 (7,4,2) (7,5,2)
LINE#118 (7,6,2) (7,7,2)
LINE#119 (7,8,2) (7,9,2)
LINE#120 (7,10,2) (7,11,2)
LINE#121 (8,0,2) (8,1,2)
LINE#122 (8,2,2) (8,3,2)
LINE#123 (8,4,2) (8,5,2)
LINE#124 (8,6,2) (8,7,2)
LINE#125 (8,8,2) (8,9,2)
LINE#126 (8,10,2) (8,11,2)
LINE#127 (9,0,2) (9,1,2)
LINE#128 (9,2,2) (9,3,2)
LINE#129 (9,4,2) (9,5,2)
LINE#130 (9,6,2) (9,7,2)
LINE#131 (9,8,2) (9,9,2)
LINE#132 (9,10,2) (9,11,2)
LINE#133 (10,0,2) (10,1,2)
LINE#134 (10,2,2) (10,3,2)
LINE#135 (10,4,2) (10,5,2)
LINE#136 (10,6,2) (10,7,2)
LINE#137 (10,8,2) (10,9,2)
LINE#138 (10,10,2) (10,11,2)
LINE#139 (11,0,2) (11,1,2)
LINE#140 (11,2,2) (11,3,2)
LINE#141 (11,4,2) (11,5,2)
LINE#142 (11,6,2) (11,7,2)
LINE#143 (11,8,2) (11,9,2)
LINE#144 (11,10,2) (11,11,2)
LINE#145 (0,0,3) (0,0,8)
LINE#146 (0,1,3) (0,1,8)
LINE#147 (0,2,3) (0,2,8)
LINE#148 (0,3,3) (0,3,8)
LINE#149 (0,4,3) (0,4,8)
LINE#150 (0,5,3) (0,5,8)
LINE#151 (0,6,3) (0,6,8)
LINE#152 (0,7,3) (0,7,8)
LINE#153 (0,8,3) (0,8,8)
LINE#154 (0,9,3) (0,9,8)
LINE#155 (0,10,3) (0,10,8)
LINE#156 (0,11,3) (0,11,8)
LINE#157 (1,0,3) (1,0,8)
LINE#158 (1,1,3) (1,1,8)
LINE#159 (1,2,3) (1,2,8)
LINE#160 (1,3,3) (1,3,8)
LINE#161 (1,4,3) (1,4,8)
LINE#162 (1,5,3) (1,5,8)
LINE#163 (1,6,3) (1,6,8)
LINE#164 (1,7,3) (1,7,8)
LINE#165 (1,8,3) (1,8,8)
LINE#166 (1,9,3) (1,9,8)
LINE#167 (1,10,3) (1,10,8)
LINE#168 (1,11,3) (1,11,8)
LINE#169 (2,0,3) (11,0,3)
LINE#170 (2,1,3) (11,1,3)
LINE#171 (2,2,3) (11,2,3)
LINE#172 (2,3,3) (11,3,3)
LINE#173 (2,4,3) (11,4,3)
LINE#174 (2,5,3) (11,5,3)
LINE#175 (2,6,3) (11,6,3)
LINE#176 (2,7,3) (11,7,3)
LINE#177 (2,8,3) (11,8,3)
LINE#178 (2,9,3) (11,9,3)
LINE#179 (2,10,3) (11,10,3)
LINE#180 (2,11,3) (11,11,3)
LINE#181 (2,0,4) (11,0,4)
LINE#182 (2,1,4) (11,1,4)
LINE#183 (2,2,4) (11,2,4)
LINE#184 (2,3,4) (11,3,4)
LINE#185 (2,4,4) (11,4,4)
LINE#186 (2,5,4) (11,5,4)
LINE#187 (2,6,4) (11,6,4)
LINE#188 (2,7,4) (11,7,4)
LINE#189 (2,8,4) (11,8,4)
LINE#190 (2,9,4) (11,9,4)
LINE#191 (2,10,4) (11,10,4)
LINE#192 (2,11,4) (11,11,4)
LINE#193 (2,0,5) (11,0,5)
LINE#194 (2,1,5) (11,1,5)
LINE#195 (2,2,5) (11,2,5)
LINE#196 (2,3,5) (11,3,5)
LINE#197 (2,4,5) (11,4,5)
LINE#198 (2,5,5) (11,5,5)
LINE#199 (2,6,5) (11,6,5)
LINE#200 (2,7,5) (11,7,5)
LINE#201 (2,8,5) (11,8,5)
LINE#202 (2,9,5) (11,9,5)
LINE#203 (2,10,5) (11,10,5)
LINE#204 (2,11,5) (11,11,5)
LINE#205 (2,0,6) (2,11,6)
LINE#206 (3,0,6) (3,11,6)
LINE#207 (4,0,6) (4,11,6)
LINE#208 (5,0,6) (5,11,6)
LINE#209 (6,0,6) (6,11,6)
LINE#210 (7,0,6) (7,11,6)
LINE#211 (8,0,6) (8,11,6)
LINE#212 (9,0,6) (9,11,6)
LINE#213 (10,0,6) (10,11,6)
LINE#214 (11,0,6) (11,11,6)
LINE#215 (2,0,7) (2,11,7)
LINE#216 (3,0,7) (3,11,7)
LINE#217 (4,0,7) (4,11,7)
LINE#218 (5,0,7) (5,11,7)
LINE#219 (6,0,7) (6,11,7)
LINE#220 (7,0,7) (7,11,7)
LINE#221 (8,0,7) (8,11,7)
LINE#222 (9,0,7) (9,11,7)
LINE#223 (10,0,7) (10,11,7)
LINE#224 (11,0,7) (11,11,7)
LINE#225 (2,0,8) (2,11,8)
LINE#226 (3,0,8) (3,11,8)
LINE#227 (4,0,8) (4,11,8)
LINE#228 (5,0,8) (5,11,8)
LINE#229 (6,0,8) (6,11,8)
LINE#230 (7,0,8) (7,11,8)
LINE#231 (8,0,8) (8,11,8)
LINE#232 (9,0,8) (9,11,8)
LINE#233 (10,0,8) (10,11,8)
LINE#234 (11,0,8) (11,11,8)
