SIZE 16X16X8
LINE_NUM 378

LINE#1 (0,0,1) (0,0,2)
LINE#2 (0,1,1) (0,1,2)
LINE#3 (0,2,1) (0,2,2)
LINE#4 (0,3,1) (0,3,2)
LINE#5 (0,4,1) (0,4,2)
LINE#6 (0,5,1) (0,5,2)
LINE#7 (0,6,1) (0,6,2)
LINE#8 (0,7,1) (0,7,2)
LINE#9 (0,8,1) (0,8,2)
LINE#10 (0,9,1) (0,9,2)
LINE#11 (0,10,1) (0,10,2)
LINE#12 (0,11,1) (0,11,2)
LINE#13 (0,12,1) (0,12,2)
LINE#14 (0,13,1) (0,13,2)
LINE#15 (0,14,1) (0,14,2)
LINE#16 (0,15,1) (0,15,2)
LINE#17 (1,0,1) (1,0,2)
LINE#18 (1,1,1) (1,1,2)
LINE#19 (1,2,1) (1,2,2)
LINE#20 (1,3,1) (1,3,2)
LINE#21 (1,4,1) (1,4,2)
LINE#22 (1,5,1) (1,5,2)
LINE#23 (1,6,1) (1,6,2)
LINE#24 (1,7,1) (1,7,2)
LINE#25 (1,8,1) (1,8,2)
LINE#26 (1,9,1) (1,9,2)
LINE#27 (1,10,1) (1,10,2)
LINE#28 (1,11,1) (1,11,2)
LINE#29 (1,12,1) (1,12,2)
LINE#30 (1,13,1) (1,13,2)
LINE#31 (1,14,1) (1,14,2)
LINE#32 (1,15,1) (1,15,2)
LINE#33 (2,0,1) (3,0,1)
LINE#34 (2,1,1) (3,1,1)
LINE#35 (2,2,1) (3,2,1)
LINE#36 (2,3,1) (3,3,1)
LINE#37 (2,4,1) (3,4,1)
LINE#38 (2,5,1) (3,5,1)
LINE#39 (2,6,1) (3,6,1)
LINE#40 (2,7,1) (3,7,1)
LINE#41 (2,8,1) (3,8,1)
LINE#42 (2,9,1) (3,9,1)
LINE#43 (2,10,1) (3,10,1)
LINE#44 (2,11,1) (3,11,1)
LINE#45 (2,12,1) (3,12,1)
LINE#46 (2,13,1) (3,13,1)
LINE#47 (2,14,1) (3,14,1)
LINE#48 (2,15,1) (3,15,1)
LINE#49 (4,0,1) (5,0,1)
LINE#50 (4,1,1) (5,1,1)
LINE#51 (4,2,1) (5,2,1)
LINE#52 (4,3,1) (5,3,1)
LINE#53 (4,4,1) (5,4,1)
LINE#54 (4,5,1) (5,5,1)
LINE#55 (4,6,1) (5,6,1)
LINE#56 (4,7,1) (5,7,1)
LINE#57 (4,8,1) (5,8,1)
LINE#58 (4,9,1) (5,9,1)
LINE#59 (4,10,1) (5,10,1)
LINE#60 (4,11,1) (5,11,1)
LINE#61 (4,12,1) (5,12,1)
LINE#62 (4,13,1) (5,13,1)
LINE#63 (4,14,1) (5,14,1)
LINE#64 (4,15,1) (5,15,1)
LINE#65 (6,0,1) (7,0,1)
LINE#66 (6,1,1) (7,1,1)
LINE#67 (6,2,1) (7,2,1)
LINE#68 (6,3,1) (7,3,1)
LINE#69 (6,4,1) (7,4,1)
LINE#70 (6,5,1) (7,5,1)
LINE#71 (6,6,1) (7,6,1)
LINE#72 (6,7,1) (7,7,1)
LINE#73 (6,8,1) (7,8,1)
LINE#74 (6,9,1) (7,9,1)
LINE#75 (6,10,1) (7,10,1)
LINE#76 (6,11,1) (7,11,1)
LINE#77 (6,12,1) (7,12,1)
LINE#78 (6,13,1) (7,13,1)
LINE#79 (6,14,1) (7,14,1)
LINE#80 (6,15,1) (7,15,1)
LINE#81 (8,0,1) (9,0,1)
LINE#82 (8,1,1) (9,1,1)
LINE#83 (8,2,1) (9,2,1)
LINE#84 (8,3,1) (9,3,1)
LINE#85 (8,4,1) (9,4,1)
LINE#86 (8,5,1) (9,5,1)
LINE#87 (8,6,1) (9,6,1)
LINE#88 (8,7,1) (9,7,1)
LINE#89 (8,8,1) (9,8,1)
LINE#90 (8,9,1) (9,9,1)
LINE#91 (8,10,1) (9,10,1)
LINE#92 (8,11,1) (9,11,1)
LINE#93 (8,12,1) (9,12,1)
LINE#94 (8,13,1) (9,13,1)
LINE#95 (8,14,1) (9,14,1)
LINE#96 (8,15,1) (9,15,1)
LINE#97 (10,0,1) (11,0,1)
LINE#98 (10,1,1) (11,1,1)
LINE#99 (10,2,1) (11,2,1)
LINE#100 (10,3,1) (11,3,1)
LINE#101 (10,4,1) (11,4,1)
LINE#102 (10,5,1) (11,5,1)
LINE#103 (10,6,1) (11,6,1)
LINE#104 (10,7,1) (11,7,1)
LINE#105 (10,8,1) (11,8,1)
LINE#106 (10,9,1) (11,9,1)
LINE#107 (10,10,1) (11,10,1)
LINE#108 (10,11,1) (11,11,1)
LINE#109 (10,12,1) (11,12,1)
LINE#110 (10,13,1) (11,13,1)
LINE#111 (10,14,1) (11,14,1)
LINE#112 (10,15,1) (11,15,1)
LINE#113 (12,0,1) (13,0,1)
LINE#114 (12,1,1) (13,1,1)
LINE#115 (12,2,1) (13,2,1)
LINE#116 (12,3,1) (13,3,1)
LINE#117 (12,4,1) (13,4,1)
LINE#118 (12,5,1) (13,5,1)
LINE#119 (12,6,1) (13,6,1)
LINE#120 (12,7,1) (13,7,1)
LINE#121 (12,8,1) (13,8,1)
LINE#122 (12,9,1) (13,9,1)
LINE#123 (12,10,1) (13,10,1)
LINE#124 (12,11,1) (13,11,1)
LINE#125 (12,12,1) (13,12,1)
LINE#126 (12,13,1) (13,13,1)
LINE#127 (12,14,1) (13,14,1)
LINE#128 (12,15,1) (13,15,1)
LINE#129 (14,0,1) (15,0,1)
LINE#130 (14,1,1) (15,1,1)
LINE#131 (14,2,1) (15,2,1)
LINE#132 (14,3,1) (15,3,1)
LINE#133 (14,4,1) (15,4,1)
LINE#134 (14,5,1) (15,5,1)
LINE#135 (14,6,1) (15,6,1)
LINE#136 (14,7,1) (15,7,1)
LINE#137 (14,8,1) (15,8,1)
LINE#138 (14,9,1) (15,9,1)
LINE#139 (14,10,1) (15,10,1)
LINE#140 (14,11,1) (15,11,1)
LINE#141 (14,12,1) (15,12,1)
LINE#142 (14,13,1) (15,13,1)
LINE#143 (14,14,1) (15,14,1)
LINE#144 (14,15,1) (15,15,1)
LINE#145 (2,0,2) (2,1,2)
LINE#146 (2,2,2) (2,3,2)
LINE#147 (2,4,2) (2,5,2)
LINE#148 (2,6,2) (2,7,2)
LINE#149 (2,8,2) (2,9,2)
LINE#150 (2,10,2) (2,11,2)
LINE#151 (2,12,2) (2,13,2)
LINE#152 (2,14,2) (2,15,2)
LINE#153 (3,0,2) (3,1,2)
LINE#154 (3,2,2) (3,3,2)
LINE#155 (3,4,2) (3,5,2)
LINE#156 (3,6,2) (3,7,2)
LINE#157 (3,8,2) (3,9,2)
LINE#158 (3,10,2) (3,11,2)
LINE#159 (3,12,2) (3,13,2)
LINE#160 (3,14,2) (3,15,2)
LINE#161 (4,0,2) (4,1,2)
LINE#162 (4,2,2) (4,3,2)
LINE#163 (4,4,2) (4,5,2)
LINE#164 (4,6,2) (4,7,2)
LINE#165 (4,8,2) (4,9,2)
LINE#166 (4,10,2) (4,11,2)
LINE#167 (4,12,2) (4,13,2)
LINE#168 (4,14,2) (4,15,2)
LINE#169 (5,0,2) (5,1,2)
LINE#170 (5,2,2) (5,3,2)
LINE#171 (5,4,2) (5,5,2)
LINE#172 (5,6,2) (5,7,2)
LINE#173 (5,8,2) (5,9,2)
LINE#174 (5,10,2) (5,11,2)
LINE#175 (5,12,2) (5,13,2)
LINE#176 (5,14,2) (5,15,2)
LINE#177 (6,0,2) (6,1,2)
LINE#178 (6,2,2) (6,3,2)
LINE#179 (6,4,2) (6,5,2)
LINE#180 (6,6,2) (6,7,2)
LINE#181 (6,8,2) (6,9,2)
LINE#182 (6,10,2) (6,11,2)
LINE#183 (6,12,2) (6,13,2)
LINE#184 (6,14,2) (6,15,2)
LINE#185 (7,0,2) (7,1,2)
LINE#186 (7,2,2) (7,3,2)
LINE#187 (7,4,2) (7,5,2)
LINE#188 (7,6,2) (7,7,2)
LINE#189 (7,8,2) (7,9,2)
LINE#190 (7,10,2) (7,11,2)
LINE#191 (7,12,2) (7,13,2)
LINE#192 (7,14,2) (7,15,2)
LINE#193 (8,0,2) (8,1,2)
LINE#194 (8,2,2) (8,3,2)
LINE#195 (8,4,2) (8,5,2)
LINE#196 (8,6,2) (8,7,2)
LINE#197 (8,8,2) (8,9,2)
LINE#198 (8,10,2) (8,11,2)
LINE#199 (8,12,2) (8,13,2)
LINE#200 (8,14,2) (8,15,2)
LINE#201 (9,0,2) (9,1,2)
LINE#202 (9,2,2) (9,3,2)
LINE#203 (9,4,2) (9,5,2)
LINE#204 (9,6,2) (9,7,2)
LINE#205 (9,8,2) (9,9,2)
LINE#206 (9,10,2) (9,11,2)
LINE#207 (9,12,2) (9,13,2)
LINE#208 (9,14,2) (9,15,2)
LINE#209 (10,0,2) (10,1,2)
LINE#210 (10,2,2) (10,3,2)
LINE#211 (10,4,2) (10,5,2)
LINE#212 (10,6,2) (10,7,2)
LINE#213 (10,8,2) (10,9,2)
LINE#214 (10,10,2) (10,11,2)
LINE#215 (10,12,2) (10,13,2)
LINE#216 (10,14,2) (10,15,2)
LINE#217 (11,0,2) (11,1,2)
LINE#218 (11,2,2) (11,3,2)
LINE#219 (11,4,2) (11,5,2)
LINE#220 (11,6,2) (11,7,2)
LINE#221 (11,8,2) (11,9,2)
LINE#222 (11,10,2) (11,11,2)
LINE#223 (11,12,2) (11,13,2)
LINE#224 (11,14,2) (11,15,2)
LINE#225 (12,0,2) (12,1,2)
LINE#226 (12,2,2) (12,3,2)
LINE#227 (12,4,2) (12,5,2)
LINE#228 (12,6,2) (12,7,2)
LINE#229 (12,8,2) (12,9,2)
LINE#230 (12,10,2) (12,11,2)
LINE#231 (12,12,2) (12,13,2)
LINE#232 (12,14,2) (12,15,2)
LINE#233 (13,0,2) (13,1,2)
LINE#234 (13,2,2) (13,3,2)
LINE#235 (13,4,2) (13,5,2)
LINE#236 (13,6,2) (13,7,2)
LINE#237 (13,8,2) (13,9,2)
LINE#238 (13,10,2) (13,11,2)
LINE#239 (13,12,2) (13,13,2)
LINE#240 (13,14,2) (13,15,2)
LINE#241 (14,0,2) (14,1,2)
LINE#242 (14,2,2) (14,3,2)
LINE#243 (14,4,2) (14,5,2)
LINE#244 (14,6,2) (14,7,2)
LINE#245 (14,8,2) (14,9,2)
LINE#246 (14,10,2) (14,11,2)
LINE#247 (14,12,2) (14,13,2)
LINE#248 (14,14,2) (14,15,2)
LINE#249 (15,0,2) (15,1,2)
LINE#250 (15,2,2) (15,3,2)
LINE#251 (15,4,2) (15,5,2)
LINE#252 (15,6,2) (15,7,2)
LINE#253 (15,8,2) (15,9,2)
LINE#254 (15,10,2) (15,11,2)
LINE#255 (15,12,2) (15,13,2)
LINE#256 (15,14,2) (15,15,2)
LINE#257 (0,0,3) (0,0,8)
LINE#258 (0,1,3) (0,1,8)
LINE#259 (0,2,3) (0,2,8)
LINE#260 (0,3,3) (0,3,8)
LINE#261 (0,4,3) (0,4,8)
LINE#262 (0,5,3) (0,5,8)
LINE#263 (0,6,3) (0,6,8)
LINE#264 (0,7,3) (0,7,8)
LINE#265 (0,8,3) (0,8,8)
LINE#266 (0,9,3) (0,9,8)
LINE#267 (0,10,3) (0,10,8)
LINE#268 (0,11,3) (0,11,8)
LINE#269 (0,12,3) (0,12,8)
LINE#270 (0,13,3) (0,13,8)
LINE#271 (0,14,3) (0,14,8)
LINE#272 (0,15,3) (0,15,8)
LINE#273 (1,0,3) (1,0,8)
LINE#274 (1,1,3) (1,1,8)
LINE#275 (1,2,3) (1,2,8)
LINE#276 (1,3,3) (1,3,8)
LINE#277 (1,4,3) (1,4,8)
LINE#278 (1,5,3) (1,5,8)
LINE#279 (1,6,3) (1,6,8)
LINE#280 (1,7,3) (1,7,8)
LINE#281 (1,8,3) (1,8,8)
LINE#282 (1,9,3) (1,9,8)
LINE#283 (1,10,3) (1,10,8)
LINE#284 (1,11,3) (1,11,8)
LINE#285 (1,12,3) (1,12,8)
LINE#286 (1,13,3) (1,13,8)
LINE#287 (1,14,3) (1,14,8)
LINE#288 (1,15,3) (1,15,8)
LINE#289 (2,0,3) (15,0,3)
LINE#290 (2,1,3) (15,1,3)
LINE#291 (2,2,3) (15,2,3)
LINE#292 (2,3,3) (15,3,3)
LINE#293 (2,4,3) (15,4,3)
LINE#294 (2,5,3) (15,5,3)
LINE#295 (2,6,3) (15,6,3)
LINE#296 (2,7,3) (15,7,3)
LINE#297 (2,8,3) (15,8,3)
LINE#298 (2,9,3) (15,9,3)
LINE#299 (2,10,3) (15,10,3)
LINE#300 (2,11,3) (15,11,3)
LINE#301 (2,12,3) (15,12,3)
LINE#302 (2,13,3) (15,13,3)
LINE#303 (2,14,3) (15,14,3)
LINE#304 (2,15,3) (15,15,3)
LINE#305 (2,0,4) (15,0,4)
LINE#306 (2,1,4) (15,1,4)
LINE#307 (2,2,4) (15,2,4)
LINE#308 (2,3,4) (15,3,4)
LINE#309 (2,4,4) (15,4,4)
LINE#310 (2,5,4) (15,5,4)
LINE#311 (2,6,4) (15,6,4)
LINE#312 (2,7,4) (15,7,4)
LINE#313 (2,8,4) (15,8,4)
LINE#314 (2,9,4) (15,9,4)
LINE#315 (2,10,4) (15,10,4)
LINE#316 (2,11,4) (15,11,4)
LINE#317 (2,12,4) (15,12,4)
LINE#318 (2,13,4) (15,13,4)
LINE#319 (2,14,4) (15,14,4)
LINE#320 (2,15,4) (15,15,4)
LINE#321 (2,0,5) (15,0,5)
LINE#322 (2,1,5) (15,1,5)
LINE#323 (2,2,5) (15,2,5)
LINE#324 (2,3,5) (15,3,5)
LINE#325 (2,4,5) (15,4,5)
LINE#326 (2,5,5) (15,5,5)
LINE#327 (2,6,5) (15,6,5)
LINE#328 (2,7,5) (15,7,5)
LINE#329 (2,8,5) (15,8,5)
LINE#330 (2,9,5) (15,9,5)
LINE#331 (2,10,5) (15,10,5)
LINE#332 (2,11,5) (15,11,5)
LINE#333 (2,12,5) (15,12,5)
LINE#334 (2,13,5) (15,13,5)
LINE#335 (2,14,5) (15,14,5)
LINE#336 (2,15,5) (15,15,5)
LINE#337 (2,0,6) (2,15,6)
LINE#338 (3,0,6) (3,15,6)
LINE#339 (4,0,6) (4,15,6)
LINE#340 (5,0,6) (5,15,6)
LINE#341 (6,0,6) (6,15,6)
LINE#342 (7,0,6) (7,15,6)
LINE#343 (8,0,6) (8,15,6)
LINE#344 (9,0,6) (9,15,6)
LINE#345 (10,0,6) (10,15,6)
LINE#346 (11,0,6) (11,15,6)
LINE#347 (12,0,6) (12,15,6)
LINE#348 (13,0,6) (13,15,6)
LINE#349 (14,0,6) (14,15,6)
LINE#350 (15,0,6) (15,15,6)
LINE#351 (2,0,7) (2,15,7)
LINE#352 (3,0,7) (3,15,7)
LINE#353 (4,0,7) (4,15,7)
LINE#354 (5,0,7) (5,15,7)
LINE#355 (6,0,7) (6,15,7)
LINE#356 (7,0,7) (7,15,7)
LINE#357 (8,0,7) (8,15,7)
LINE#358 (9,0,7) (9,15,7)
LINE#359 (10,0,7) (10,15,7)
LINE#360 (11,0,7) (11,15,7)
LINE#361 (12,0,7) (12,15,7)
LINE#362 (13,0,7) (13,15,7)
LINE#363 (14,0,7) (14,15,7)
LINE#364 (15,0,7) (15,15,7)
LINE#365 (2,0,8) (2,15,8)
LINE#366 (3,0,8) (3,15,8)
LINE#367 (4,0,8) (4,15,8)
LINE#368 (5,0,8) (5,15,8)
LINE#369 (6,0,8) (6,15,8)
LINE#370 (7,0,8) (7,15,8)
LINE#371 (8,0,8) (8,15,8)
LINE#372 (9,0,8) (9,15,8)
LINE#373 (10,0,8) (10,15,8)
LINE#374 (11,0,8) (11,15,8)
LINE#375 (12,0,8) (12,15,8)
LINE#376 (13,0,8) (13,15,8)
LINE#377 (14,0,8) (14,15,8)
LINE#378 (15,0,8) (15,15,8)
